# This hyperelastic look-up table was extracted from FEM simulations by
# Lucas Wittwer (https://doi.org/10.6084/m9.figshare.20630940). The LUT
# was additionally complemented near the convex hull by fitting a third
# order polynomial to the isoelasticity lines and extrapolating the new
# isoelastics model towards the convex hull.
#
# BEGIN METADATA
# {
#   "authors": "L. D. Wittwer, S. Aland",
#   "channel_width": 20.0,
#   "channel_width_unit": "um",
#   "date": "2022-08-26",
#   "dimensionality": "3D",
#   "flow_rate": 0.04,
#   "flow_rate_unit": "uL/s",
#   "fluid_consistency_coefficient": 0.4057,
#   "fluid_consistency_coefficient_unit": "Pa s",
#   "fluid_density": 1000.0,
#   "fluid_density_unit": "kg m^-3",
#   "fluid_flow_behaviour_index": 0.6039,
#   "fluid_flow_behaviour_index_unit": "",
#   "fluid_viscosity": 6.0,
#   "fluid_viscosity_unit": "mPa s",
#   "identifier": "HE-3D-FEM-22",
#   "method": "FEM",
#   "model": "hyper-elastic solid / non-Newtonian fluid",
#   "publication": "https://arxiv.org/abs/2208.12552",
#   "software": "COMSOL 5.5",
#   "solid_density": 1000.0,
#   "solid_density_unit": "kg m^-3",
#   "summary": "3D FEM simulation with a hyper-elastic elasticity model and non-Newtonian fluid"
# }
# END METADATA
#
# area_um [um^2]	deform	emodulus [kPa]
2.91587e+01	4.00640e-02	4.69000e-01
3.39782e+01	5.20760e-02	4.69000e-01
2.92521e+01	3.55780e-02	4.89000e-01
3.41458e+01	4.51810e-02	4.89000e-01
3.89072e+01	5.76440e-02	4.89000e-01
3.48528e+01	1.54790e-02	7.50000e-01
3.99573e+01	1.81260e-02	7.50000e-01
8.54720e+01	5.23670e-02	7.50000e-01
9.05185e+01	5.76160e-02	7.50000e-01
9.55288e+01	6.44400e-02	7.50000e-01
1.00528e+02	7.12530e-02	7.50000e-01
4.50567e+01	2.10750e-02	7.50000e-01
5.01295e+01	2.41930e-02	7.50000e-01
5.52197e+01	2.73040e-02	7.50000e-01
6.02624e+01	3.08900e-02	7.50000e-01
6.53476e+01	3.45770e-02	7.50000e-01
7.03799e+01	3.85200e-02	7.50000e-01
7.54358e+01	4.26090e-02	7.50000e-01
8.04675e+01	4.71390e-02	7.50000e-01
2.97450e+01	1.15170e-02	7.91000e-01
3.48927e+01	1.37720e-02	7.91000e-01
8.07228e+01	4.06700e-02	7.91000e-01
8.57750e+01	4.48580e-02	7.91000e-01
9.08699e+01	4.90240e-02	7.91000e-01
9.59628e+01	5.39330e-02	7.91000e-01
1.01070e+02	5.89080e-02	7.91000e-01
1.06183e+02	6.40710e-02	7.91000e-01
1.11257e+02	7.02030e-02	7.91000e-01
4.00099e+01	1.60920e-02	7.91000e-01
4.51251e+01	1.86580e-02	7.91000e-01
5.02161e+01	2.13590e-02	7.91000e-01
5.53267e+01	2.40410e-02	7.91000e-01
6.03938e+01	2.71020e-02	7.91000e-01
6.55023e+01	3.02370e-02	7.91000e-01
7.56530e+01	3.69650e-02	7.91000e-01
3.49283e+01	1.22500e-02	8.35000e-01
4.00564e+01	1.42860e-02	8.35000e-01
8.60111e+01	3.88160e-02	8.35000e-01
9.11357e+01	4.22600e-02	8.35000e-01
9.62654e+01	4.61760e-02	8.35000e-01
1.01416e+02	5.01840e-02	8.35000e-01
1.06575e+02	5.42880e-02	8.35000e-01
1.11732e+02	5.88450e-02	8.35000e-01
1.16987e+02	6.39170e-02	8.35000e-01
1.22175e+02	6.89570e-02	8.35000e-01
1.27431e+02	7.55380e-02	8.35000e-01
1.32709e+02	8.16230e-02	8.35000e-01
4.51853e+01	1.65250e-02	8.35000e-01
5.02916e+01	1.88730e-02	8.35000e-01
5.54195e+01	2.11980e-02	8.35000e-01
6.05065e+01	2.38300e-02	8.35000e-01
6.56336e+01	2.65220e-02	8.35000e-01
7.58310e+01	3.22420e-02	8.35000e-01
8.09276e+01	3.53490e-02	8.35000e-01
2.97935e+01	9.12700e-03	8.83000e-01
3.49606e+01	1.08710e-02	8.83000e-01
8.10998e+01	3.07990e-02	8.83000e-01
8.62058e+01	3.37140e-02	8.83000e-01
9.13508e+01	3.66130e-02	8.83000e-01
9.65019e+01	3.98510e-02	8.83000e-01
1.01677e+02	4.31900e-02	8.83000e-01
1.06859e+02	4.65970e-02	8.83000e-01
1.12048e+02	5.02810e-02	8.83000e-01
1.17324e+02	5.42330e-02	8.83000e-01
1.22549e+02	5.81620e-02	8.83000e-01
1.27863e+02	6.28120e-02	8.83000e-01
4.00983e+01	1.26580e-02	8.83000e-01
1.33220e+02	6.72550e-02	8.83000e-01
1.44033e+02	7.74620e-02	8.83000e-01
1.49600e+02	8.23480e-02	8.83000e-01
4.52391e+01	1.46110e-02	8.83000e-01
5.03590e+01	1.66530e-02	8.83000e-01
5.55014e+01	1.86710e-02	8.83000e-01
6.06052e+01	2.09400e-02	8.83000e-01
6.57481e+01	2.32620e-02	8.83000e-01
7.08523e+01	2.56930e-02	8.83000e-01
7.59827e+01	2.81570e-02	8.83000e-01
4.01358e+01	1.12010e-02	9.35000e-01
4.52870e+01	1.29060e-02	9.35000e-01
9.15281e+01	3.18300e-02	9.35000e-01
9.66938e+01	3.45670e-02	9.35000e-01
1.01886e+02	3.73900e-02	9.35000e-01
1.07080e+02	4.02760e-02	9.35000e-01
1.12284e+02	4.33460e-02	9.35000e-01
1.17566e+02	4.66130e-02	9.35000e-01
1.22799e+02	4.98920e-02	9.35000e-01
1.33487e+02	5.72530e-02	9.35000e-01
1.38940e+02	6.09280e-02	9.35000e-01
5.04186e+01	1.46830e-02	9.35000e-01
1.44318e+02	6.51640e-02	9.35000e-01
1.49881e+02	6.92260e-02	9.35000e-01
1.55431e+02	7.30320e-02	9.35000e-01
1.61077e+02	7.75900e-02	9.35000e-01
1.72463e+02	8.60360e-02	9.35000e-01
5.55735e+01	1.64380e-02	9.35000e-01
6.06917e+01	1.84010e-02	9.35000e-01
6.58476e+01	2.04090e-02	9.35000e-01
7.09674e+01	2.25040e-02	9.35000e-01
7.61126e+01	2.46210e-02	9.35000e-01
8.12455e+01	2.68850e-02	9.35000e-01
8.63693e+01	2.93660e-02	9.35000e-01
3.50156e+01	8.51500e-03	9.92000e-01
4.01695e+01	9.88600e-03	9.92000e-01
8.65093e+01	2.55780e-02	9.92000e-01
9.16792e+01	2.76830e-02	9.92000e-01
9.68555e+01	3.00190e-02	9.92000e-01
1.02060e+02	3.24260e-02	9.92000e-01
1.07260e+02	3.48920e-02	9.92000e-01
1.12473e+02	3.74880e-02	9.92000e-01
1.17755e+02	4.02530e-02	9.92000e-01
1.22988e+02	4.30500e-02	9.92000e-01
1.28310e+02	4.61430e-02	9.92000e-01
4.53301e+01	1.13720e-02	9.92000e-01
1.39105e+02	5.23600e-02	9.92000e-01
1.44472e+02	5.57030e-02	9.92000e-01
1.61149e+02	6.63040e-02	9.92000e-01
1.66798e+02	6.96250e-02	9.92000e-01
1.72483e+02	7.33820e-02	9.92000e-01
1.78299e+02	7.68320e-02	9.92000e-01
1.84171e+02	8.02290e-02	9.92000e-01
1.90144e+02	8.40840e-02	9.92000e-01
1.96152e+02	8.75630e-02	9.92000e-01
5.04722e+01	1.29170e-02	9.92000e-01
5.56376e+01	1.44430e-02	9.92000e-01
6.07684e+01	1.61400e-02	9.92000e-01
6.59355e+01	1.78790e-02	9.92000e-01
7.10684e+01	1.96860e-02	9.92000e-01
7.62260e+01	2.15090e-02	9.92000e-01
8.13718e+01	2.34570e-02	9.92000e-01
2.98501e+01	6.33700e-03	1.05400e+00
3.50390e+01	7.51200e-03	1.05400e+00
8.14808e+01	2.04660e-02	1.05400e+00
8.66298e+01	2.22860e-02	1.05400e+00
9.18080e+01	2.40960e-02	1.05400e+00
9.69917e+01	2.60970e-02	1.05400e+00
1.02205e+02	2.81630e-02	1.05400e+00
1.07409e+02	3.02800e-02	1.05400e+00
1.12628e+02	3.24990e-02	1.05400e+00
1.17907e+02	3.48650e-02	1.05400e+00
1.23137e+02	3.72730e-02	1.05400e+00
4.01996e+01	8.71100e-03	1.05400e+00
1.33802e+02	4.25350e-02	1.05400e+00
1.39218e+02	4.52480e-02	1.05400e+00
1.44566e+02	4.80550e-02	1.05400e+00
1.50073e+02	5.11540e-02	1.05400e+00
1.55555e+02	5.40190e-02	1.05400e+00
1.61142e+02	5.72920e-02	1.05400e+00
1.66752e+02	6.02030e-02	1.05400e+00
1.72395e+02	6.34300e-02	1.05400e+00
1.78181e+02	6.66260e-02	1.05400e+00
1.83958e+02	6.97020e-02	1.05400e+00
4.53685e+01	1.00050e-02	1.05400e+00
1.89889e+02	7.30490e-02	1.05400e+00
1.95806e+02	7.63440e-02	1.05400e+00
2.01790e+02	7.95260e-02	1.05400e+00
2.07790e+02	8.28270e-02	1.05400e+00
2.12365e+02	8.51920e-02	1.05400e+00
2.18540e+02	8.82710e-02	1.05400e+00
5.05197e+01	1.13480e-02	1.05400e+00
5.56944e+01	1.26750e-02	1.05400e+00
6.08358e+01	1.41440e-02	1.05400e+00
6.60126e+01	1.56500e-02	1.05400e+00
7.11566e+01	1.72120e-02	1.05400e+00
7.63244e+01	1.87860e-02	1.05400e+00
2.98656e+01	5.57400e-03	1.12300e+00
3.50604e+01	6.59800e-03	1.12300e+00
8.15773e+01	1.77960e-02	1.12300e+00
8.67359e+01	1.93560e-02	1.12300e+00
9.19211e+01	2.09110e-02	1.12300e+00
9.71108e+01	2.26270e-02	1.12300e+00
1.02331e+02	2.44010e-02	1.12300e+00
1.07538e+02	2.62190e-02	1.12300e+00
1.12761e+02	2.81190e-02	1.12300e+00
1.18035e+02	3.01490e-02	1.12300e+00
1.23261e+02	3.22250e-02	1.12300e+00
1.28567e+02	3.44560e-02	1.12300e+00
4.02270e+01	7.64200e-03	1.12300e+00
1.33907e+02	3.67380e-02	1.12300e+00
1.39302e+02	3.90900e-02	1.12300e+00
1.44630e+02	4.14970e-02	1.12300e+00
1.50114e+02	4.41920e-02	1.12300e+00
1.55574e+02	4.67280e-02	1.12300e+00
1.61105e+02	4.95860e-02	1.12300e+00
1.66671e+02	5.21750e-02	1.12300e+00
1.72274e+02	5.50180e-02	1.12300e+00
1.78002e+02	5.78950e-02	1.12300e+00
1.83715e+02	6.07030e-02	1.12300e+00
4.54032e+01	8.76400e-03	1.12300e+00
1.89585e+02	6.36740e-02	1.12300e+00
1.95427e+02	6.67240e-02	1.12300e+00
2.01351e+02	6.95130e-02	1.12300e+00
2.07278e+02	7.25040e-02	1.12300e+00
2.11791e+02	7.46560e-02	1.12300e+00
2.17889e+02	7.72880e-02	1.12300e+00
2.23995e+02	7.96180e-02	1.12300e+00
2.30218e+02	8.25580e-02	1.12300e+00
5.05627e+01	9.92800e-03	1.12300e+00
5.57457e+01	1.10770e-02	1.12300e+00
6.08965e+01	1.23460e-02	1.12300e+00
6.60817e+01	1.36480e-02	1.12300e+00
7.12353e+01	1.49930e-02	1.12300e+00
7.64119e+01	1.63500e-02	1.12300e+00
2.98794e+01	4.89600e-03	1.19800e+00
3.50793e+01	5.78700e-03	1.19800e+00
8.16609e+01	1.54700e-02	1.19800e+00
8.68275e+01	1.68100e-02	1.19800e+00
9.20184e+01	1.81490e-02	1.19800e+00
9.72126e+01	1.96250e-02	1.19800e+00
1.02438e+02	2.11500e-02	1.19800e+00
1.07646e+02	2.27160e-02	1.19800e+00
1.12872e+02	2.43480e-02	1.19800e+00
1.18142e+02	2.60970e-02	1.19800e+00
1.23364e+02	2.78910e-02	1.19800e+00
1.28662e+02	2.98060e-02	1.19800e+00
4.02512e+01	6.69500e-03	1.19800e+00
1.33991e+02	3.17810e-02	1.19800e+00
1.39367e+02	3.38280e-02	1.19800e+00
1.44682e+02	3.59070e-02	1.19800e+00
1.50133e+02	3.82640e-02	1.19800e+00
1.55566e+02	4.05140e-02	1.19800e+00
1.61057e+02	4.30200e-02	1.19800e+00
1.66582e+02	4.53280e-02	1.19800e+00
1.77818e+02	5.04250e-02	1.19800e+00
1.83475e+02	5.29940e-02	1.19800e+00
4.54339e+01	7.66900e-03	1.19800e+00
1.89283e+02	5.56800e-02	1.19800e+00
1.95058e+02	5.84890e-02	1.19800e+00
2.00917e+02	6.10350e-02	1.19800e+00
2.06778e+02	6.37800e-02	1.19800e+00
2.11231e+02	6.57580e-02	1.19800e+00
2.17257e+02	6.82280e-02	1.19800e+00
2.23282e+02	7.06070e-02	1.19800e+00
2.29407e+02	7.32890e-02	1.19800e+00
2.35566e+02	7.58940e-02	1.19800e+00
5.06006e+01	8.67600e-03	1.19800e+00
5.57906e+01	9.67200e-03	1.19800e+00
6.09496e+01	1.07670e-02	1.19800e+00
6.61422e+01	1.18930e-02	1.19800e+00
7.13040e+01	1.30540e-02	1.19800e+00
7.64880e+01	1.42230e-02	1.19800e+00
2.98918e+01	4.28600e-03	1.28100e+00
3.50964e+01	5.05900e-03	1.28100e+00
8.17346e+01	1.34090e-02	1.28100e+00
8.69082e+01	1.45590e-02	1.28100e+00
9.21036e+01	1.57100e-02	1.28100e+00
9.73016e+01	1.69780e-02	1.28100e+00
1.02532e+02	1.82880e-02	1.28100e+00
1.07740e+02	1.96340e-02	1.28100e+00
1.12967e+02	2.10370e-02	1.28100e+00
1.18234e+02	2.25420e-02	1.28100e+00
1.23452e+02	2.40910e-02	1.28100e+00
1.28741e+02	2.57340e-02	1.28100e+00
4.02729e+01	5.84600e-03	1.28100e+00
1.34061e+02	2.74420e-02	1.28100e+00
1.39423e+02	2.92200e-02	1.28100e+00
1.44718e+02	3.10230e-02	1.28100e+00
1.50143e+02	3.30790e-02	1.28100e+00
1.55550e+02	3.50620e-02	1.28100e+00
1.61005e+02	3.72630e-02	1.28100e+00
1.66492e+02	3.93160e-02	1.28100e+00
1.77638e+02	4.38530e-02	1.28100e+00
1.83244e+02	4.61860e-02	1.28100e+00
4.54614e+01	6.68700e-03	1.28100e+00
1.88991e+02	4.86270e-02	1.28100e+00
1.94704e+02	5.11940e-02	1.28100e+00
2.00502e+02	5.35350e-02	1.28100e+00
2.06299e+02	5.60690e-02	1.28100e+00
2.10695e+02	5.78910e-02	1.28100e+00
2.16649e+02	6.02530e-02	1.28100e+00
2.22598e+02	6.25470e-02	1.28100e+00
2.34722e+02	6.75380e-02	1.28100e+00
5.06345e+01	7.55700e-03	1.28100e+00
5.58307e+01	8.41700e-03	1.28100e+00
6.09970e+01	9.36000e-03	1.28100e+00
6.61960e+01	1.03310e-02	1.28100e+00
7.13650e+01	1.13310e-02	1.28100e+00
7.65552e+01	1.23360e-02	1.28100e+00
2.93340e+01	3.16130e-02	5.11000e-01
3.42819e+01	3.95520e-02	5.11000e-01
3.91433e+01	4.89460e-02	5.11000e-01
2.99030e+01	3.73400e-03	1.37400e+00
3.51118e+01	4.40000e-03	1.37400e+00
8.18001e+01	1.15700e-02	1.37400e+00
8.69798e+01	1.25530e-02	1.37400e+00
9.21789e+01	1.35380e-02	1.37400e+00
9.73803e+01	1.46230e-02	1.37400e+00
1.02614e+02	1.57450e-02	1.37400e+00
1.07823e+02	1.68980e-02	1.37400e+00
1.13051e+02	1.81000e-02	1.37400e+00
1.18314e+02	1.93910e-02	1.37400e+00
1.23528e+02	2.07220e-02	1.37400e+00
1.28809e+02	2.21290e-02	1.37400e+00
4.02924e+01	5.07900e-03	1.37400e+00
1.34119e+02	2.36030e-02	1.37400e+00
1.39465e+02	2.51410e-02	1.37400e+00
1.44746e+02	2.67010e-02	1.37400e+00
1.50148e+02	2.84840e-02	1.37400e+00
1.55530e+02	3.02230e-02	1.37400e+00
1.60952e+02	3.21480e-02	1.37400e+00
1.66404e+02	3.39650e-02	1.37400e+00
1.77468e+02	3.79860e-02	1.37400e+00
1.83025e+02	4.00860e-02	1.37400e+00
4.54862e+01	5.80200e-03	1.37400e+00
1.88715e+02	4.22940e-02	1.37400e+00
1.94370e+02	4.46190e-02	1.37400e+00
2.00110e+02	4.67730e-02	1.37400e+00
2.05845e+02	4.91020e-02	1.37400e+00
2.10187e+02	5.07880e-02	1.37400e+00
2.16071e+02	5.30290e-02	1.37400e+00
2.21949e+02	5.52080e-02	1.37400e+00
2.27905e+02	5.75900e-02	1.37400e+00
2.33918e+02	5.99270e-02	1.37400e+00
2.39957e+02	6.20710e-02	1.37400e+00
5.06651e+01	6.55000e-03	1.37400e+00
5.58668e+01	7.29000e-03	1.37400e+00
6.10393e+01	8.09800e-03	1.37400e+00
6.62440e+01	8.93200e-03	1.37400e+00
7.14194e+01	9.78800e-03	1.37400e+00
7.66152e+01	1.06500e-02	1.37400e+00
2.99129e+01	3.24800e-03	1.47600e+00
3.51253e+01	3.82100e-03	1.47600e+00
8.18570e+01	9.96900e-03	1.47600e+00
8.70420e+01	1.08090e-02	1.47600e+00
9.22439e+01	1.16510e-02	1.47600e+00
9.74482e+01	1.25790e-02	1.47600e+00
1.02685e+02	1.35400e-02	1.47600e+00
1.07894e+02	1.45260e-02	1.47600e+00
1.13123e+02	1.55560e-02	1.47600e+00
1.18382e+02	1.66630e-02	1.47600e+00
1.23593e+02	1.78070e-02	1.47600e+00
1.28866e+02	1.90110e-02	1.47600e+00
4.03096e+01	4.40500e-03	1.47600e+00
1.34168e+02	2.02820e-02	1.47600e+00
1.39500e+02	2.16100e-02	1.47600e+00
1.44767e+02	2.29590e-02	1.47600e+00
1.50149e+02	2.45030e-02	1.47600e+00
1.55509e+02	2.60200e-02	1.47600e+00
1.60902e+02	2.77010e-02	1.47600e+00
1.66322e+02	2.93020e-02	1.47600e+00
1.71779e+02	3.10580e-02	1.47600e+00
1.77312e+02	3.28580e-02	1.47600e+00
1.82826e+02	3.47380e-02	1.47600e+00
4.55080e+01	5.02600e-03	1.47600e+00
1.88462e+02	3.67240e-02	1.47600e+00
1.94064e+02	3.88190e-02	1.47600e+00
1.99750e+02	4.07930e-02	1.47600e+00
2.05428e+02	4.29240e-02	1.47600e+00
2.15538e+02	4.65880e-02	1.47600e+00
2.21353e+02	4.86420e-02	1.47600e+00
2.27231e+02	5.08860e-02	1.47600e+00
2.33173e+02	5.30950e-02	1.47600e+00
2.39141e+02	5.51610e-02	1.47600e+00
5.06919e+01	5.66800e-03	1.47600e+00
2.45171e+02	5.74620e-02	1.47600e+00
5.58983e+01	6.30300e-03	1.47600e+00
6.10763e+01	6.99500e-03	1.47600e+00
6.62860e+01	7.71000e-03	1.47600e+00
7.14669e+01	8.44300e-03	1.47600e+00
7.66673e+01	9.18100e-03	1.47600e+00
2.99217e+01	2.81400e-03	1.59000e+00
3.51374e+01	3.30500e-03	1.59000e+00
8.19071e+01	8.55400e-03	1.59000e+00
8.70968e+01	9.26900e-03	1.59000e+00
9.23011e+01	9.98700e-03	1.59000e+00
9.75079e+01	1.07780e-02	1.59000e+00
1.02747e+02	1.15970e-02	1.59000e+00
1.07956e+02	1.24380e-02	1.59000e+00
1.13185e+02	1.33160e-02	1.59000e+00
1.18441e+02	1.42620e-02	1.59000e+00
1.23649e+02	1.52420e-02	1.59000e+00
1.28916e+02	1.62680e-02	1.59000e+00
4.03249e+01	3.80500e-03	1.59000e+00
1.34210e+02	1.73600e-02	1.59000e+00
1.39529e+02	1.85020e-02	1.59000e+00
1.44785e+02	1.96630e-02	1.59000e+00
1.55488e+02	2.23100e-02	1.59000e+00
1.60856e+02	2.37690e-02	1.59000e+00
1.66247e+02	2.51710e-02	1.59000e+00
1.71673e+02	2.67100e-02	1.59000e+00
1.77168e+02	2.82960e-02	1.59000e+00
1.82642e+02	2.99650e-02	1.59000e+00
4.55273e+01	4.33600e-03	1.59000e+00
1.88230e+02	3.17390e-02	1.59000e+00
1.93783e+02	3.36140e-02	1.59000e+00
1.99419e+02	3.54080e-02	1.59000e+00
2.05043e+02	3.73440e-02	1.59000e+00
2.15044e+02	4.07340e-02	1.59000e+00
2.20798e+02	4.26570e-02	1.59000e+00
2.26604e+02	4.47540e-02	1.59000e+00
2.32483e+02	4.68260e-02	1.59000e+00
2.38371e+02	4.88170e-02	1.59000e+00
5.07157e+01	4.88400e-03	1.59000e+00
2.44330e+02	5.09800e-02	1.59000e+00
5.59262e+01	5.42700e-03	1.59000e+00
6.11091e+01	6.01700e-03	1.59000e+00
6.63232e+01	6.62700e-03	1.59000e+00
7.15089e+01	7.25300e-03	1.59000e+00
7.67133e+01	7.88200e-03	1.59000e+00
2.99296e+01	2.42800e-03	1.71800e+00
3.51482e+01	2.84700e-03	1.71800e+00
8.19511e+01	7.30600e-03	1.71800e+00
8.71449e+01	7.91200e-03	1.71800e+00
9.23513e+01	8.52200e-03	1.71800e+00
9.75602e+01	9.19200e-03	1.71800e+00
1.02801e+02	9.88800e-03	1.71800e+00
1.08011e+02	1.06020e-02	1.71800e+00
1.13240e+02	1.13480e-02	1.71800e+00
1.18492e+02	1.21520e-02	1.71800e+00
1.23697e+02	1.29860e-02	1.71800e+00
1.28958e+02	1.38580e-02	1.71800e+00
4.03384e+01	3.27300e-03	1.71800e+00
1.34246e+02	1.47900e-02	1.71800e+00
1.39553e+02	1.57670e-02	1.71800e+00
1.44799e+02	1.67610e-02	1.71800e+00
1.55468e+02	1.90370e-02	1.71800e+00
1.60812e+02	2.02950e-02	1.71800e+00
1.66177e+02	2.15140e-02	1.71800e+00
1.71578e+02	2.28540e-02	1.71800e+00
1.77037e+02	2.42420e-02	1.71800e+00
1.82476e+02	2.57110e-02	1.71800e+00
4.55445e+01	3.72400e-03	1.71800e+00
1.88018e+02	2.72830e-02	1.71800e+00
1.93527e+02	2.89470e-02	1.71800e+00
1.99115e+02	3.05630e-02	1.71800e+00
2.08894e+02	3.36210e-02	1.71800e+00
2.20284e+02	3.71980e-02	1.71800e+00
2.26023e+02	3.91430e-02	1.71800e+00
2.31839e+02	4.10770e-02	1.71800e+00
2.37657e+02	4.29640e-02	1.71800e+00
5.07368e+01	4.18900e-03	1.71800e+00
2.43545e+02	4.49970e-02	1.71800e+00
2.49424e+02	4.68640e-02	1.71800e+00
5.59510e+01	4.65100e-03	1.71800e+00
6.11381e+01	5.15200e-03	1.71800e+00
6.63560e+01	5.67100e-03	1.71800e+00
7.15459e+01	6.20200e-03	1.71800e+00
7.67538e+01	6.73500e-03	1.71800e+00
2.99366e+01	2.08500e-03	1.86300e+00
3.51577e+01	2.43900e-03	1.86300e+00
8.19899e+01	6.20500e-03	1.86300e+00
8.71874e+01	6.71600e-03	1.86300e+00
9.23954e+01	7.23000e-03	1.86300e+00
9.76061e+01	7.79500e-03	1.86300e+00
1.02849e+02	8.38200e-03	1.86300e+00
1.08059e+02	8.98500e-03	1.86300e+00
1.13287e+02	9.61500e-03	1.86300e+00
1.18537e+02	1.02940e-02	1.86300e+00
1.23740e+02	1.10000e-02	1.86300e+00
1.28996e+02	1.17360e-02	1.86300e+00
4.03505e+01	2.80000e-03	1.86300e+00
1.34277e+02	1.25280e-02	1.86300e+00
1.39574e+02	1.33580e-02	1.86300e+00
1.44811e+02	1.42040e-02	1.86300e+00
1.50143e+02	1.51730e-02	1.86300e+00
1.55449e+02	1.61450e-02	1.86300e+00
1.60773e+02	1.72220e-02	1.86300e+00
1.66115e+02	1.82720e-02	1.86300e+00
1.71491e+02	1.94300e-02	1.86300e+00
1.76918e+02	2.06340e-02	1.86300e+00
1.82325e+02	2.19150e-02	1.86300e+00
4.55597e+01	3.18100e-03	1.86300e+00
1.87825e+02	2.32940e-02	1.86300e+00
1.93295e+02	2.47590e-02	1.86300e+00
1.98838e+02	2.61980e-02	1.86300e+00
2.04365e+02	2.77570e-02	1.86300e+00
2.08530e+02	2.89420e-02	1.86300e+00
2.19810e+02	3.22100e-02	1.86300e+00
2.25486e+02	3.39960e-02	1.86300e+00
2.31241e+02	3.57870e-02	1.86300e+00
2.36993e+02	3.75580e-02	1.86300e+00
5.07555e+01	3.57400e-03	1.86300e+00
2.42812e+02	3.94590e-02	1.86300e+00
2.48624e+02	4.12400e-02	1.86300e+00
2.54495e+02	4.30900e-02	1.86300e+00
5.59729e+01	3.96500e-03	1.86300e+00
6.11637e+01	4.38700e-03	1.86300e+00
6.63850e+01	4.82500e-03	1.86300e+00
7.15786e+01	5.27300e-03	1.86300e+00
7.67896e+01	5.72300e-03	1.86300e+00
2.99427e+01	1.78500e-03	2.02600e+00
3.51661e+01	2.08400e-03	2.02600e+00
8.20236e+01	5.24900e-03	2.02600e+00
8.72242e+01	5.67700e-03	2.02600e+00
9.24336e+01	6.10900e-03	2.02600e+00
9.76458e+01	6.58300e-03	2.02600e+00
1.02891e+02	7.07600e-03	2.02600e+00
1.08100e+02	7.58300e-03	2.02600e+00
1.13328e+02	8.11200e-03	2.02600e+00
1.18576e+02	8.68300e-03	2.02600e+00
1.23777e+02	9.27800e-03	2.02600e+00
1.29028e+02	9.89700e-03	2.02600e+00
4.03610e+01	2.38700e-03	2.02600e+00
1.34304e+02	1.05650e-02	2.02600e+00
1.39591e+02	1.12660e-02	2.02600e+00
1.44820e+02	1.19820e-02	2.02600e+00
1.50140e+02	1.28020e-02	2.02600e+00
1.55432e+02	1.36290e-02	2.02600e+00
1.60738e+02	1.45450e-02	2.02600e+00
1.66059e+02	1.54440e-02	2.02600e+00
1.71414e+02	1.64360e-02	2.02600e+00
1.76813e+02	1.74730e-02	2.02600e+00
1.82190e+02	1.85810e-02	2.02600e+00
4.55730e+01	2.70800e-03	2.02600e+00
1.87654e+02	1.97810e-02	2.02600e+00
1.93087e+02	2.10580e-02	2.02600e+00
1.98589e+02	2.23290e-02	2.02600e+00
2.04073e+02	2.37090e-02	2.02600e+00
2.08202e+02	2.47680e-02	2.02600e+00
2.13789e+02	2.62340e-02	2.02600e+00
2.19380e+02	2.77240e-02	2.02600e+00
2.30695e+02	3.09940e-02	2.02600e+00
2.36386e+02	3.26410e-02	2.02600e+00
5.07718e+01	3.03800e-03	2.02600e+00
2.42140e+02	3.44070e-02	2.02600e+00
2.47887e+02	3.60870e-02	2.02600e+00
2.53691e+02	3.78400e-02	2.02600e+00
5.59920e+01	3.36600e-03	2.02600e+00
6.11860e+01	3.72100e-03	2.02600e+00
6.64103e+01	4.08900e-03	2.02600e+00
7.16071e+01	4.46600e-03	2.02600e+00
7.68207e+01	4.84400e-03	2.02600e+00
2.99481e+01	1.52200e-03	2.21200e+00
3.51734e+01	1.77100e-03	2.21200e+00
8.20530e+01	4.41200e-03	2.21200e+00
8.72565e+01	4.76900e-03	2.21200e+00
9.24669e+01	5.12900e-03	2.21200e+00
9.76805e+01	5.52500e-03	2.21200e+00
1.02927e+02	5.93600e-03	2.21200e+00
1.08136e+02	6.35900e-03	2.21200e+00
1.13364e+02	6.80100e-03	2.21200e+00
1.18610e+02	7.27800e-03	2.21200e+00
1.23809e+02	7.77500e-03	2.21200e+00
1.29055e+02	8.29200e-03	2.21200e+00
4.03702e+01	2.02500e-03	2.21200e+00
1.34326e+02	8.85200e-03	2.21200e+00
1.39606e+02	9.43900e-03	2.21200e+00
1.44828e+02	1.00410e-02	2.21200e+00
1.50137e+02	1.07290e-02	2.21200e+00
1.55417e+02	1.14260e-02	2.21200e+00
1.60706e+02	1.21990e-02	2.21200e+00
1.66009e+02	1.29620e-02	2.21200e+00
1.71345e+02	1.38040e-02	2.21200e+00
1.76719e+02	1.46890e-02	2.21200e+00
1.82070e+02	1.56370e-02	2.21200e+00
4.55847e+01	2.29300e-03	2.21200e+00
1.87500e+02	1.66690e-02	2.21200e+00
1.98366e+02	1.88820e-02	2.21200e+00
2.03810e+02	2.00900e-02	2.21200e+00
2.07906e+02	2.10250e-02	2.21200e+00
2.13445e+02	2.23290e-02	2.21200e+00
2.18988e+02	2.36670e-02	2.21200e+00
2.30195e+02	2.66250e-02	2.21200e+00
2.35828e+02	2.81400e-02	2.21200e+00
5.07862e+01	2.56800e-03	2.21200e+00
2.47206e+02	3.13350e-02	2.21200e+00
2.52945e+02	3.29830e-02	2.21200e+00
2.58696e+02	3.46840e-02	2.21200e+00
5.60087e+01	2.84200e-03	2.21200e+00
6.12056e+01	3.13800e-03	2.21200e+00
6.64324e+01	3.44500e-03	2.21200e+00
7.16320e+01	3.75900e-03	2.21200e+00
7.68480e+01	4.07400e-03	2.21200e+00
2.99528e+01	1.29300e-03	2.42400e+00
3.51798e+01	1.50000e-03	2.42400e+00
8.20785e+01	3.69000e-03	2.42400e+00
8.72844e+01	3.98500e-03	2.42400e+00
9.24956e+01	4.28300e-03	2.42400e+00
9.77104e+01	4.61100e-03	2.42400e+00
1.02958e+02	4.95200e-03	2.42400e+00
1.08167e+02	5.30200e-03	2.42400e+00
1.13395e+02	5.66900e-03	2.42400e+00
1.18639e+02	6.06500e-03	2.42400e+00
1.23836e+02	6.47800e-03	2.42400e+00
1.29079e+02	6.90600e-03	2.42400e+00
4.03781e+01	1.71100e-03	2.42400e+00
1.34346e+02	7.37200e-03	2.42400e+00
1.39618e+02	7.86100e-03	2.42400e+00
1.44835e+02	8.36300e-03	2.42400e+00
1.50134e+02	8.93500e-03	2.42400e+00
1.55403e+02	9.51900e-03	2.42400e+00
1.60679e+02	1.01660e-02	2.42400e+00
1.65966e+02	1.08070e-02	2.42400e+00
1.71285e+02	1.15160e-02	2.42400e+00
1.76636e+02	1.22640e-02	2.42400e+00
1.81965e+02	1.30680e-02	2.42400e+00
4.55948e+01	1.93300e-03	2.42400e+00
1.87365e+02	1.39480e-02	2.42400e+00
1.98168e+02	1.58480e-02	2.42400e+00
2.03577e+02	1.68930e-02	2.42400e+00
2.07642e+02	1.77100e-02	2.42400e+00
2.13137e+02	1.88560e-02	2.42400e+00
2.18637e+02	2.00440e-02	2.42400e+00
2.24150e+02	2.13480e-02	2.42400e+00
2.29743e+02	2.26900e-02	2.42400e+00
2.35321e+02	2.40690e-02	2.42400e+00
5.07987e+01	2.16100e-03	2.42400e+00
2.40955e+02	2.55530e-02	2.42400e+00
2.46583e+02	2.70020e-02	2.42400e+00
2.52263e+02	2.85370e-02	2.42400e+00
2.57951e+02	3.01210e-02	2.42400e+00
5.60232e+01	2.38900e-03	2.42400e+00
6.12225e+01	2.63400e-03	2.42400e+00
6.64516e+01	2.88800e-03	2.42400e+00
7.16537e+01	3.14800e-03	2.42400e+00
7.68715e+01	3.40900e-03	2.42400e+00
2.99569e+01	1.09400e-03	2.66900e+00
3.51854e+01	1.26400e-03	2.66900e+00
8.21005e+01	3.06400e-03	2.66900e+00
8.73086e+01	3.30600e-03	2.66900e+00
9.25204e+01	3.55100e-03	2.66900e+00
9.77364e+01	3.82000e-03	2.66900e+00
1.02985e+02	4.10000e-03	2.66900e+00
1.08194e+02	4.38800e-03	2.66900e+00
1.13422e+02	4.68900e-03	2.66900e+00
1.18664e+02	5.01500e-03	2.66900e+00
1.23860e+02	5.35500e-03	2.66900e+00
1.29099e+02	5.70700e-03	2.66900e+00
4.03851e+01	1.43800e-03	2.66900e+00
1.34363e+02	6.09100e-03	2.66900e+00
1.39629e+02	6.49400e-03	2.66900e+00
1.44841e+02	6.90800e-03	2.66900e+00
1.50131e+02	7.38000e-03	2.66900e+00
1.55390e+02	7.86400e-03	2.66900e+00
1.60655e+02	8.40000e-03	2.66900e+00
1.65927e+02	8.93300e-03	2.66900e+00
1.71233e+02	9.52400e-03	2.66900e+00
1.76564e+02	1.01500e-02	2.66900e+00
1.81872e+02	1.08230e-02	2.66900e+00
4.56036e+01	1.62000e-03	2.66900e+00
1.87246e+02	1.15640e-02	2.66900e+00
1.92591e+02	1.23590e-02	2.66900e+00
1.97992e+02	1.31750e-02	2.66900e+00
2.03369e+02	1.40690e-02	2.66900e+00
2.07407e+02	1.47720e-02	2.66900e+00
2.12862e+02	1.57650e-02	2.66900e+00
2.18321e+02	1.68060e-02	2.66900e+00
2.23788e+02	1.79520e-02	2.66900e+00
2.29334e+02	1.91430e-02	2.66900e+00
2.40441e+02	2.17200e-02	2.66900e+00
5.08095e+01	1.80800e-03	2.66900e+00
2.46015e+02	2.30420e-02	2.66900e+00
2.51637e+02	2.44570e-02	2.66900e+00
2.57265e+02	2.59190e-02	2.66900e+00
5.60358e+01	1.99500e-03	2.66900e+00
6.12372e+01	2.19600e-03	2.66900e+00
6.64682e+01	2.40500e-03	2.66900e+00
7.16725e+01	2.61900e-03	2.66900e+00
7.68918e+01	2.83300e-03	2.66900e+00
2.99604e+01	9.23000e-04	2.95300e+00
3.51902e+01	1.06200e-03	2.95300e+00
8.21194e+01	2.52700e-03	2.95300e+00
8.73294e+01	2.72400e-03	2.95300e+00
9.25417e+01	2.92300e-03	2.95300e+00
9.77586e+01	3.14200e-03	2.95300e+00
1.03008e+02	3.37000e-03	2.95300e+00
1.08218e+02	3.60500e-03	2.95300e+00
1.13445e+02	3.85100e-03	2.95300e+00
1.18685e+02	4.11500e-03	2.95300e+00
1.23880e+02	4.39300e-03	2.95300e+00
1.29117e+02	4.68000e-03	2.95300e+00
4.03910e+01	1.20300e-03	2.95300e+00
1.34378e+02	4.99300e-03	2.95300e+00
1.39637e+02	5.32200e-03	2.95300e+00
1.44845e+02	5.66100e-03	2.95300e+00
1.50129e+02	6.04600e-03	2.95300e+00
1.55380e+02	6.44300e-03	2.95300e+00
1.60634e+02	6.88200e-03	2.95300e+00
1.65894e+02	7.32100e-03	2.95300e+00
1.71187e+02	7.80800e-03	2.95300e+00
1.76501e+02	8.32600e-03	2.95300e+00
1.81792e+02	8.88400e-03	2.95300e+00
4.56111e+01	1.35200e-03	2.95300e+00
1.87142e+02	9.49900e-03	2.95300e+00
1.92465e+02	1.01630e-02	2.95300e+00
1.97838e+02	1.08490e-02	2.95300e+00
2.03186e+02	1.16020e-02	2.95300e+00
2.07201e+02	1.21990e-02	2.95300e+00
2.18041e+02	1.39470e-02	2.95300e+00
2.23467e+02	1.49400e-02	2.95300e+00
2.28969e+02	1.59820e-02	2.95300e+00
2.34450e+02	1.70780e-02	2.95300e+00
5.08189e+01	1.50400e-03	2.95300e+00
2.45501e+02	1.94630e-02	2.95300e+00
2.51070e+02	2.07520e-02	2.95300e+00
2.56643e+02	2.20880e-02	2.95300e+00
2.62297e+02	2.34960e-02	2.95300e+00
2.67936e+02	2.48970e-02	2.95300e+00
5.60466e+01	1.65700e-03	2.95300e+00
6.12498e+01	1.82000e-03	2.95300e+00
6.64826e+01	1.99100e-03	2.95300e+00
7.16886e+01	2.16500e-03	2.95300e+00
7.69093e+01	2.33900e-03	2.95300e+00
2.94036e+01	2.82370e-02	5.34000e-01
3.43921e+01	3.49620e-02	5.34000e-01
4.41471e+01	5.23970e-02	5.34000e-01
2.99634e+01	7.77000e-04	3.28400e+00
3.51943e+01	8.89000e-04	3.28400e+00
8.21355e+01	2.07000e-03	3.28400e+00
8.73471e+01	2.22900e-03	3.28400e+00
9.25598e+01	2.39000e-03	3.28400e+00
9.77775e+01	2.56600e-03	3.28400e+00
1.03028e+02	2.75000e-03	3.28400e+00
1.08237e+02	2.94000e-03	3.28400e+00
1.13464e+02	3.13800e-03	3.28400e+00
1.18703e+02	3.35200e-03	3.28400e+00
1.23897e+02	3.57500e-03	3.28400e+00
1.29132e+02	3.80700e-03	3.28400e+00
4.03961e+01	1.00300e-03	3.28400e+00
1.34390e+02	4.06000e-03	3.28400e+00
1.39645e+02	4.32600e-03	3.28400e+00
1.44850e+02	4.60100e-03	3.28400e+00
1.50127e+02	4.91200e-03	3.28400e+00
1.55371e+02	5.23400e-03	3.28400e+00
1.60616e+02	5.59000e-03	3.28400e+00
1.65866e+02	5.94700e-03	3.28400e+00
1.71148e+02	6.34400e-03	3.28400e+00
1.76447e+02	6.76700e-03	3.28400e+00
1.81723e+02	7.22300e-03	3.28400e+00
4.56176e+01	1.12300e-03	3.28400e+00
1.87053e+02	7.72900e-03	3.28400e+00
1.92356e+02	8.27500e-03	3.28400e+00
1.97706e+02	8.84400e-03	3.28400e+00
2.03028e+02	9.47100e-03	3.28400e+00
2.07021e+02	9.97000e-03	3.28400e+00
2.12407e+02	1.06840e-02	3.28400e+00
2.17797e+02	1.14500e-02	3.28400e+00
2.23184e+02	1.22960e-02	3.28400e+00
2.28647e+02	1.31960e-02	3.28400e+00
2.34085e+02	1.41520e-02	3.28400e+00
5.08269e+01	1.24600e-03	3.28400e+00
2.39566e+02	1.51980e-02	3.28400e+00
2.45042e+02	1.62580e-02	3.28400e+00
2.50561e+02	1.74180e-02	3.28400e+00
2.56082e+02	1.86260e-02	3.28400e+00
2.61684e+02	1.99140e-02	3.28400e+00
2.67263e+02	2.12040e-02	3.28400e+00
5.60558e+01	1.36900e-03	3.28400e+00
6.12606e+01	1.50100e-03	3.28400e+00
6.64948e+01	1.63800e-03	3.28400e+00
7.17024e+01	1.77800e-03	3.28400e+00
7.69242e+01	1.91900e-03	3.28400e+00
2.99659e+01	6.54000e-04	3.67400e+00
3.51978e+01	7.43000e-04	3.67400e+00
8.21491e+01	1.68500e-03	3.67400e+00
8.73622e+01	1.81100e-03	3.67400e+00
9.25751e+01	1.93900e-03	3.67400e+00
9.77935e+01	2.08000e-03	3.67400e+00
1.03045e+02	2.22600e-03	3.67400e+00
1.08254e+02	2.37700e-03	3.67400e+00
1.13481e+02	2.53600e-03	3.67400e+00
1.18719e+02	2.70600e-03	3.67400e+00
1.23912e+02	2.88400e-03	3.67400e+00
1.29144e+02	3.06900e-03	3.67400e+00
4.04004e+01	8.34000e-04	3.67400e+00
1.34400e+02	3.27100e-03	3.67400e+00
1.39651e+02	3.48300e-03	3.67400e+00
1.44853e+02	3.70400e-03	3.67400e+00
1.50125e+02	3.95200e-03	3.67400e+00
1.55363e+02	4.21000e-03	3.67400e+00
1.60601e+02	4.49500e-03	3.67400e+00
1.65842e+02	4.78200e-03	3.67400e+00
1.71116e+02	5.10100e-03	3.67400e+00
1.76401e+02	5.44200e-03	3.67400e+00
1.81664e+02	5.81100e-03	3.67400e+00
4.56231e+01	9.30000e-04	3.67400e+00
1.86977e+02	6.21900e-03	3.67400e+00
1.92263e+02	6.66300e-03	3.67400e+00
1.97591e+02	7.12800e-03	3.67400e+00
2.02892e+02	7.64100e-03	3.67400e+00
2.06867e+02	8.05200e-03	3.67400e+00
2.12223e+02	8.64400e-03	3.67400e+00
2.17584e+02	9.28400e-03	3.67400e+00
2.22937e+02	9.99400e-03	3.67400e+00
2.28364e+02	1.07570e-02	3.67400e+00
2.33763e+02	1.15760e-02	3.67400e+00
5.08337e+01	1.02800e-03	3.67400e+00
2.39202e+02	1.24790e-02	3.67400e+00
2.44635e+02	1.34070e-02	3.67400e+00
2.50107e+02	1.44350e-02	3.67400e+00
2.55581e+02	1.55120e-02	3.67400e+00
2.61133e+02	1.66760e-02	3.67400e+00
2.66658e+02	1.78520e-02	3.67400e+00
2.72173e+02	1.90650e-02	3.67400e+00
5.60637e+01	1.12600e-03	3.67400e+00
6.12698e+01	1.23100e-03	3.67400e+00
6.65051e+01	1.34000e-03	3.67400e+00
7.17141e+01	1.45200e-03	3.67400e+00
7.69368e+01	1.56400e-03	3.67400e+00
2.99681e+01	5.50000e-04	4.13900e+00
3.52007e+01	6.20000e-04	4.13900e+00
8.21606e+01	1.36000e-03	4.13900e+00
8.73749e+01	1.46000e-03	4.13900e+00
9.25879e+01	1.56000e-03	4.13900e+00
9.78069e+01	1.67100e-03	4.13900e+00
1.03059e+02	1.78600e-03	4.13900e+00
1.08268e+02	1.90500e-03	4.13900e+00
1.13495e+02	2.03000e-03	4.13900e+00
1.18732e+02	2.16400e-03	4.13900e+00
1.23925e+02	2.30400e-03	4.13900e+00
1.29155e+02	2.45000e-03	4.13900e+00
4.04040e+01	6.92000e-04	4.13900e+00
1.34409e+02	2.60800e-03	4.13900e+00
1.39656e+02	2.77600e-03	4.13900e+00
1.44856e+02	2.95000e-03	4.13900e+00
1.50124e+02	3.14500e-03	4.13900e+00
1.55356e+02	3.34900e-03	4.13900e+00
1.60588e+02	3.57400e-03	4.13900e+00
1.65822e+02	3.80100e-03	4.13900e+00
1.71088e+02	4.05400e-03	4.13900e+00
1.76362e+02	4.32500e-03	4.13900e+00
1.81614e+02	4.61800e-03	4.13900e+00
4.56277e+01	7.67000e-04	4.13900e+00
1.86913e+02	4.94300e-03	4.13900e+00
1.92184e+02	5.29700e-03	4.13900e+00
1.97494e+02	5.67100e-03	4.13900e+00
2.02776e+02	6.08400e-03	4.13900e+00
2.06735e+02	6.41600e-03	4.13900e+00
2.12066e+02	6.89700e-03	4.13900e+00
2.17401e+02	7.42300e-03	4.13900e+00
2.22724e+02	8.00800e-03	4.13900e+00
2.28119e+02	8.64200e-03	4.13900e+00
2.33484e+02	9.33000e-03	4.13900e+00
5.08395e+01	8.44000e-04	4.13900e+00
2.38883e+02	1.00950e-02	4.13900e+00
2.44278e+02	1.08930e-02	4.13900e+00
2.49707e+02	1.17870e-02	4.13900e+00
2.55138e+02	1.27320e-02	4.13900e+00
2.60644e+02	1.37680e-02	4.13900e+00
2.66118e+02	1.48270e-02	4.13900e+00
2.71581e+02	1.59280e-02	4.13900e+00
2.77079e+02	1.71320e-02	4.13900e+00
5.60703e+01	9.21000e-04	4.13900e+00
6.12775e+01	1.00300e-03	4.13900e+00
6.65139e+01	1.09000e-03	4.13900e+00
7.17241e+01	1.17700e-03	4.13900e+00
7.69475e+01	1.26600e-03	4.13900e+00
3.52032e+01	5.18000e-04	4.69700e+00
4.04070e+01	5.74000e-04	4.69700e+00
8.73856e+01	1.16900e-03	4.69700e+00
9.25986e+01	1.24700e-03	4.69700e+00
9.78181e+01	1.33300e-03	4.69700e+00
1.03071e+02	1.42200e-03	4.69700e+00
1.08280e+02	1.51400e-03	4.69700e+00
1.13506e+02	1.61200e-03	4.69700e+00
1.18743e+02	1.71600e-03	4.69700e+00
1.23935e+02	1.82400e-03	4.69700e+00
1.29164e+02	1.93700e-03	4.69700e+00
1.34417e+02	2.06000e-03	4.69700e+00
4.56315e+01	6.32000e-04	4.69700e+00
1.39660e+02	2.19000e-03	4.69700e+00
1.44858e+02	2.32600e-03	4.69700e+00
1.50123e+02	2.47600e-03	4.69700e+00
1.55351e+02	2.63500e-03	4.69700e+00
1.60577e+02	2.81000e-03	4.69700e+00
1.65805e+02	2.98800e-03	4.69700e+00
1.71065e+02	3.18500e-03	4.69700e+00
1.76330e+02	3.39700e-03	4.69700e+00
1.81573e+02	3.62600e-03	4.69700e+00
1.86859e+02	3.88100e-03	4.69700e+00
5.08443e+01	6.91000e-04	4.69700e+00
1.92118e+02	4.15900e-03	4.69700e+00
1.97413e+02	4.45400e-03	4.69700e+00
2.02679e+02	4.78000e-03	4.69700e+00
2.06624e+02	5.04400e-03	4.69700e+00
2.11933e+02	5.42800e-03	4.69700e+00
2.17246e+02	5.85200e-03	4.69700e+00
2.22544e+02	6.32200e-03	4.69700e+00
2.27910e+02	6.84000e-03	4.69700e+00
2.33244e+02	7.40600e-03	4.69700e+00
2.38609e+02	8.04100e-03	4.69700e+00
5.60757e+01	7.51000e-04	4.69700e+00
2.43969e+02	8.71200e-03	4.69700e+00
2.49360e+02	9.47400e-03	4.69700e+00
2.54751e+02	1.02890e-02	4.69700e+00
2.60216e+02	1.11940e-02	4.69700e+00
2.65644e+02	1.21330e-02	4.69700e+00
2.71060e+02	1.31190e-02	4.69700e+00
2.76507e+02	1.42080e-02	4.69700e+00
6.12839e+01	8.15000e-04	4.69700e+00
6.65212e+01	8.82000e-04	4.69700e+00
7.17323e+01	9.50000e-04	4.69700e+00
7.69563e+01	1.01800e-03	4.69700e+00
8.21701e+01	1.09200e-03	4.69700e+00
4.56347e+01	5.21000e-04	5.37700e+00
5.08482e+01	5.66000e-04	5.37700e+00
9.78273e+01	1.05500e-03	5.37700e+00
1.03081e+02	1.12300e-03	5.37700e+00
1.08290e+02	1.19400e-03	5.37700e+00
1.13516e+02	1.26800e-03	5.37700e+00
1.18751e+02	1.34700e-03	5.37700e+00
1.23944e+02	1.43000e-03	5.37700e+00
1.29171e+02	1.51600e-03	5.37700e+00
1.34423e+02	1.61000e-03	5.37700e+00
1.39663e+02	1.70800e-03	5.37700e+00
1.44861e+02	1.81300e-03	5.37700e+00
5.60803e+01	6.12000e-04	5.37700e+00
1.50122e+02	1.92700e-03	5.37700e+00
1.55346e+02	2.04900e-03	5.37700e+00
1.60569e+02	2.18200e-03	5.37700e+00
1.65791e+02	2.31800e-03	5.37700e+00
1.71046e+02	2.46900e-03	5.37700e+00
1.76303e+02	2.63300e-03	5.37700e+00
1.81539e+02	2.80800e-03	5.37700e+00
1.86815e+02	3.00400e-03	5.37700e+00
1.92063e+02	3.21800e-03	5.37700e+00
1.97346e+02	3.44700e-03	5.37700e+00
6.12892e+01	6.61000e-04	5.37700e+00
2.02598e+02	3.69900e-03	5.37700e+00
2.06532e+02	3.90400e-03	5.37700e+00
2.11823e+02	4.20400e-03	5.37700e+00
2.17117e+02	4.53800e-03	5.37700e+00
2.22392e+02	4.90900e-03	5.37700e+00
2.27734e+02	5.32100e-03	5.37700e+00
2.33042e+02	5.77600e-03	5.37700e+00
2.38376e+02	6.28900e-03	5.37700e+00
2.43705e+02	6.84100e-03	5.37700e+00
2.49063e+02	7.47500e-03	5.37700e+00
6.65272e+01	7.11000e-04	5.37700e+00
2.54418e+02	8.16200e-03	5.37700e+00
2.59846e+02	8.93700e-03	5.37700e+00
2.65233e+02	9.75400e-03	5.37700e+00
2.70605e+02	1.06210e-02	5.37700e+00
2.76007e+02	1.15920e-02	5.37700e+00
2.81455e+02	1.25690e-02	5.37700e+00
7.17391e+01	7.63000e-04	5.37700e+00
7.69636e+01	8.16000e-04	5.37700e+00
8.21779e+01	8.72000e-04	5.37700e+00
8.73944e+01	9.30000e-04	5.37700e+00
9.26074e+01	9.90000e-04	5.37700e+00
6.12935e+01	5.36000e-04	6.21500e+00
6.65321e+01	5.74000e-04	6.21500e+00
1.13524e+02	9.90000e-04	6.21500e+00
1.18759e+02	1.05000e-03	6.21500e+00
1.23951e+02	1.11100e-03	6.21500e+00
1.29177e+02	1.17600e-03	6.21500e+00
1.34428e+02	1.24500e-03	6.21500e+00
1.39666e+02	1.31900e-03	6.21500e+00
1.44862e+02	1.39800e-03	6.21500e+00
1.50121e+02	1.48300e-03	6.21500e+00
1.55343e+02	1.57400e-03	6.21500e+00
1.60562e+02	1.67400e-03	6.21500e+00
7.17447e+01	6.12000e-04	6.21500e+00
1.65780e+02	1.77600e-03	6.21500e+00
1.71031e+02	1.89000e-03	6.21500e+00
1.76282e+02	2.01300e-03	6.21500e+00
1.81511e+02	2.14500e-03	6.21500e+00
1.86779e+02	2.29200e-03	6.21500e+00
1.92019e+02	2.45300e-03	6.21500e+00
1.97291e+02	2.62700e-03	6.21500e+00
2.02532e+02	2.81800e-03	6.21500e+00
2.06457e+02	2.97400e-03	6.21500e+00
2.11732e+02	3.20200e-03	6.21500e+00
7.69695e+01	6.51000e-04	6.21500e+00
2.17011e+02	3.46000e-03	6.21500e+00
2.22268e+02	3.74500e-03	6.21500e+00
2.27589e+02	4.06600e-03	6.21500e+00
2.32874e+02	4.42100e-03	6.21500e+00
2.38181e+02	4.82600e-03	6.21500e+00
2.43485e+02	5.26700e-03	6.21500e+00
2.48812e+02	5.78100e-03	6.21500e+00
2.54137e+02	6.34400e-03	6.21500e+00
2.59532e+02	6.99100e-03	6.21500e+00
2.64883e+02	7.68600e-03	6.21500e+00
8.21843e+01	6.93000e-04	6.21500e+00
2.70217e+02	8.43400e-03	6.21500e+00
2.75578e+02	9.28400e-03	6.21500e+00
2.80981e+02	1.01590e-02	6.21500e+00
8.74015e+01	7.37000e-04	6.21500e+00
9.26145e+01	7.82000e-04	6.21500e+00
9.78348e+01	8.30000e-04	6.21500e+00
1.03089e+02	8.81000e-04	6.21500e+00
1.08298e+02	9.34000e-04	6.21500e+00
7.69743e+01	5.21000e-04	7.26600e+00
8.21894e+01	5.51000e-04	7.26600e+00
1.29182e+02	9.05000e-04	7.26600e+00
1.34432e+02	9.55000e-04	7.26600e+00
1.39668e+02	1.00900e-03	7.26600e+00
1.44864e+02	1.06800e-03	7.26600e+00
1.50121e+02	1.12900e-03	7.26600e+00
1.55340e+02	1.19600e-03	7.26600e+00
1.60557e+02	1.26900e-03	7.26600e+00
1.65771e+02	1.34400e-03	7.26600e+00
1.71020e+02	1.42700e-03	7.26600e+00
1.76264e+02	1.51800e-03	7.26600e+00
8.74074e+01	5.83000e-04	7.26600e+00
1.81489e+02	1.61500e-03	7.26600e+00
1.86750e+02	1.72200e-03	7.26600e+00
1.91984e+02	1.84100e-03	7.26600e+00
1.97247e+02	1.97000e-03	7.26600e+00
2.02479e+02	2.11100e-03	7.26600e+00
2.06397e+02	2.22600e-03	7.26600e+00
2.11659e+02	2.39600e-03	7.26600e+00
2.16925e+02	2.59000e-03	7.26600e+00
2.22167e+02	2.80200e-03	7.26600e+00
2.27471e+02	3.04500e-03	7.26600e+00
9.26202e+01	6.16000e-04	7.26600e+00
2.32737e+02	3.31500e-03	7.26600e+00
2.38022e+02	3.62400e-03	7.26600e+00
2.43304e+02	3.96600e-03	7.26600e+00
2.48605e+02	4.37000e-03	7.26600e+00
2.53904e+02	4.81800e-03	7.26600e+00
2.59270e+02	5.34100e-03	7.26600e+00
2.75216e+02	7.27100e-03	7.26600e+00
2.80580e+02	8.04000e-03	7.26600e+00
9.78408e+01	6.51000e-04	7.26600e+00
1.03095e+02	6.89000e-04	7.26600e+00
1.08305e+02	7.28000e-04	7.26600e+00
1.13530e+02	7.69000e-04	7.26600e+00
1.18764e+02	8.12000e-04	7.26600e+00
1.23956e+02	8.57000e-04	7.26600e+00
9.78455e+01	5.11000e-04	8.60900e+00
1.03100e+02	5.38000e-04	8.60900e+00
1.50121e+02	8.51000e-04	8.60900e+00
1.55338e+02	8.99000e-04	8.60900e+00
1.60552e+02	9.51000e-04	8.60900e+00
1.65765e+02	1.00400e-03	8.60900e+00
1.71010e+02	1.06400e-03	8.60900e+00
1.76251e+02	1.13000e-03	8.60900e+00
1.81472e+02	1.19900e-03	8.60900e+00
1.86728e+02	1.27500e-03	8.60900e+00
1.91956e+02	1.36000e-03	8.60900e+00
1.97212e+02	1.45300e-03	8.60900e+00
1.08310e+02	5.66000e-04	8.60900e+00
2.02438e+02	1.55400e-03	8.60900e+00
2.06350e+02	1.63700e-03	8.60900e+00
2.16858e+02	1.90100e-03	8.60900e+00
2.22087e+02	2.05400e-03	8.60900e+00
2.27377e+02	2.23300e-03	8.60900e+00
2.32628e+02	2.43100e-03	8.60900e+00
2.37895e+02	2.65800e-03	8.60900e+00
2.43158e+02	2.91400e-03	8.60900e+00
2.48438e+02	3.22100e-03	8.60900e+00
2.53714e+02	3.56400e-03	8.60900e+00
1.13535e+02	5.95000e-04	8.60900e+00
2.59057e+02	3.97300e-03	8.60900e+00
2.64350e+02	4.42900e-03	8.60900e+00
2.69624e+02	4.94100e-03	8.60900e+00
2.74918e+02	5.54500e-03	8.60900e+00
2.80249e+02	6.20500e-03	8.60900e+00
1.18769e+02	6.27000e-04	8.60900e+00
1.23961e+02	6.58000e-04	8.60900e+00
1.29186e+02	6.92000e-04	8.60900e+00
1.34435e+02	7.28000e-04	8.60900e+00
1.39670e+02	7.66000e-04	8.60900e+00
1.44865e+02	8.09000e-04	8.60900e+00
1.23964e+02	5.06000e-04	1.03600e+01
1.81459e+02	8.80000e-04	1.03600e+01
1.86711e+02	9.32000e-04	1.03600e+01
1.91935e+02	9.91000e-04	1.03600e+01
1.97186e+02	1.05600e-03	1.03600e+01
2.02406e+02	1.12600e-03	1.03600e+01
2.06314e+02	1.18300e-03	1.03600e+01
2.11558e+02	1.26900e-03	1.03600e+01
2.16806e+02	1.37000e-03	1.03600e+01
2.22026e+02	1.47600e-03	1.03600e+01
2.27304e+02	1.60300e-03	1.03600e+01
1.34438e+02	5.54000e-04	1.03600e+01
2.32543e+02	1.74300e-03	1.03600e+01
2.37796e+02	1.90400e-03	1.03600e+01
2.43045e+02	2.08800e-03	1.03600e+01
2.48306e+02	2.31100e-03	1.03600e+01
2.53565e+02	2.56400e-03	1.03600e+01
2.58888e+02	2.87000e-03	1.03600e+01
2.64159e+02	3.21700e-03	1.03600e+01
2.69411e+02	3.61700e-03	1.03600e+01
2.74680e+02	4.10000e-03	1.03600e+01
2.79983e+02	4.64700e-03	1.03600e+01
1.39671e+02	5.80000e-04	1.03600e+01
1.50121e+02	6.39000e-04	1.03600e+01
1.55336e+02	6.72000e-04	1.03600e+01
1.60549e+02	7.08000e-04	1.03600e+01
1.65759e+02	7.45000e-04	1.03600e+01
1.71004e+02	7.86000e-04	1.03600e+01
1.76241e+02	8.32000e-04	1.03600e+01
1.55335e+02	5.02000e-04	1.27060e+01
2.06287e+02	8.43000e-04	1.27060e+01
2.11525e+02	9.00000e-04	1.27060e+01
2.16767e+02	9.70000e-04	1.27060e+01
2.21980e+02	1.04000e-03	1.27060e+01
2.27250e+02	1.12800e-03	1.27060e+01
2.32479e+02	1.22200e-03	1.27060e+01
2.37721e+02	1.33100e-03	1.27060e+01
2.42958e+02	1.45700e-03	1.27060e+01
2.48206e+02	1.61300e-03	1.27060e+01
2.53451e+02	1.78900e-03	1.27060e+01
1.65756e+02	5.50000e-04	1.27060e+01
2.58758e+02	2.00700e-03	1.27060e+01
2.64012e+02	2.25700e-03	1.27060e+01
2.69246e+02	2.55500e-03	1.27060e+01
2.74495e+02	2.92100e-03	1.27060e+01
1.70999e+02	5.78000e-04	1.27060e+01
1.76233e+02	6.09000e-04	1.27060e+01
1.86698e+02	6.75000e-04	1.27060e+01
1.91920e+02	7.14000e-04	1.27060e+01
1.97166e+02	7.58000e-04	1.27060e+01
2.02382e+02	8.04000e-04	1.27060e+01
2.94657e+01	2.52160e-02	5.59000e-01
3.44872e+01	3.09710e-02	5.59000e-01
3.94552e+01	3.72870e-02	5.59000e-01
4.43657e+01	4.50460e-02	5.59000e-01
4.91810e+01	5.45020e-02	5.59000e-01
1.91908e+02	5.13000e-04	1.59490e+01
1.97152e+02	5.42000e-04	1.59490e+01
2.42895e+02	9.93000e-04	1.59490e+01
2.48132e+02	1.09600e-03	1.59490e+01
2.53367e+02	1.21200e-03	1.59490e+01
2.58662e+02	1.35800e-03	1.59490e+01
2.63903e+02	1.52600e-03	1.59490e+01
2.69124e+02	1.73500e-03	1.59490e+01
2.74357e+02	1.99500e-03	1.59490e+01
2.79622e+02	2.32100e-03	1.59490e+01
2.02365e+02	5.71000e-04	1.59490e+01
2.06268e+02	5.96000e-04	1.59490e+01
2.11501e+02	6.32000e-04	1.59490e+01
2.16739e+02	6.79000e-04	1.59490e+01
2.21946e+02	7.23000e-04	1.59490e+01
2.27210e+02	7.81000e-04	1.59490e+01
2.32433e+02	8.41000e-04	1.59490e+01
2.37666e+02	9.10000e-04	1.59490e+01
2.21923e+02	5.00000e-04	2.06140e+01
2.27182e+02	5.37000e-04	2.06140e+01
2.74259e+02	1.30200e-03	2.06140e+01
2.79513e+02	1.52800e-03	2.06140e+01
2.32400e+02	5.74000e-04	2.06140e+01
2.37627e+02	6.15000e-04	2.06140e+01
2.42851e+02	6.65000e-04	2.06140e+01
2.48080e+02	7.29000e-04	2.06140e+01
2.53307e+02	8.01000e-04	2.06140e+01
2.58594e+02	8.92000e-04	2.06140e+01
2.63826e+02	9.95000e-04	2.06140e+01
2.69037e+02	1.13100e-03	2.06140e+01
2.53268e+02	5.24000e-04	2.76690e+01
2.58548e+02	5.76000e-04	2.76690e+01
2.63774e+02	6.32000e-04	2.76690e+01
2.68979e+02	7.14000e-04	2.76690e+01
2.74193e+02	8.14000e-04	2.76690e+01
2.79441e+02	9.56000e-04	2.76690e+01
2.95191e+01	2.26090e-02	5.85000e-01
3.45672e+01	2.75990e-02	5.85000e-01
3.95693e+01	3.29720e-02	5.85000e-01
4.45321e+01	3.93740e-02	5.85000e-01
4.94282e+01	4.67300e-02	5.85000e-01
5.42796e+01	5.51030e-02	5.85000e-01
2.95671e+01	2.02620e-02	6.13000e-01
3.46379e+01	2.46130e-02	6.13000e-01
3.96678e+01	2.92340e-02	6.13000e-01
4.46700e+01	3.46190e-02	6.13000e-01
4.96208e+01	4.06160e-02	6.13000e-01
5.45591e+01	4.70060e-02	6.13000e-01
5.93927e+01	5.51960e-02	6.13000e-01
3.47022e+01	2.18880e-02	6.44000e-01
3.97559e+01	2.58740e-02	6.44000e-01
4.47900e+01	3.04470e-02	6.44000e-01
4.97829e+01	3.54340e-02	6.44000e-01
5.47781e+01	4.05940e-02	6.44000e-01
5.96970e+01	4.68370e-02	6.44000e-01
6.46422e+01	5.36900e-02	6.44000e-01
6.94690e+01	6.17260e-02	6.44000e-01
2.96504e+01	1.61710e-02	6.77000e-01
3.47586e+01	1.94920e-02	6.77000e-01
3.98321e+01	2.29550e-02	6.77000e-01
4.48920e+01	2.68790e-02	6.77000e-01
4.99171e+01	3.11010e-02	6.77000e-01
5.49523e+01	3.53920e-02	6.77000e-01
5.99256e+01	4.04620e-02	6.77000e-01
6.98707e+01	5.17550e-02	6.77000e-01
2.96851e+01	1.44640e-02	7.12000e-01
3.48081e+01	1.73830e-02	7.12000e-01
8.01342e+01	5.53370e-02	7.12000e-01
8.50507e+01	6.24330e-02	7.12000e-01
8.99824e+01	6.97830e-02	7.12000e-01
3.98983e+01	2.04080e-02	7.12000e-01
4.49794e+01	2.38050e-02	7.12000e-01
5.00305e+01	2.74230e-02	7.12000e-01
5.50958e+01	3.10600e-02	7.12000e-01
6.01084e+01	3.52940e-02	7.12000e-01
6.51630e+01	3.96970e-02	7.12000e-01
7.51626e+01	4.95300e-02	7.12000e-01
4.56930e+01	5.73447e-02	5.30000e-01
4.66550e+01	5.97538e-02	5.30000e-01
5.66492e+01	5.74426e-02	5.90000e-01
5.96308e+01	6.27034e-02	5.90000e-01
6.49215e+01	5.88920e-02	6.30000e-01
6.62883e+01	6.15027e-02	6.30000e-01
6.76550e+01	6.42730e-02	6.30000e-01
8.09239e+01	6.79307e-02	6.80000e-01
9.43137e+01	6.99571e-02	7.30000e-01
9.53065e+01	7.15751e-02	7.30000e-01
1.08530e+02	7.08240e-02	7.80000e-01
1.11958e+02	7.52688e-02	7.80000e-01
1.24123e+02	7.30346e-02	8.30000e-01
1.26737e+02	7.60668e-02	8.30000e-01
1.47389e+02	8.18673e-02	8.80000e-01
1.48941e+02	8.34349e-02	8.80000e-01
1.72125e+02	8.47316e-02	9.40000e-01
1.73937e+02	8.60877e-02	9.40000e-01
1.99146e+02	8.76141e-02	1.00000e+00
2.18951e+02	8.58168e-02	1.07000e+00
2.21256e+02	8.69189e-02	1.07000e+00
2.29136e+02	7.99869e-02	1.14000e+00
2.31548e+02	8.09512e-02	1.14000e+00
2.36334e+02	7.48010e-02	1.21000e+00
2.33786e+02	6.55826e-02	1.30000e+00
2.38708e+02	6.74121e-02	1.30000e+00
2.41169e+02	6.83063e-02	1.30000e+00
2.38437e+02	6.05931e-02	1.39000e+00
2.43457e+02	6.24196e-02	1.39000e+00
2.41925e+02	5.55761e-02	1.49000e+00
2.47018e+02	5.73962e-02	1.49000e+00
2.43088e+02	4.97510e-02	1.61000e+00
2.48205e+02	5.15514e-02	1.61000e+00
2.50764e+02	5.24507e-02	1.61000e+00
2.48901e+02	4.61050e-02	1.74000e+00
2.54141e+02	4.78999e-02	1.74000e+00
2.52389e+02	4.18534e-02	1.89000e+00
2.55046e+02	4.27361e-02	1.89000e+00
2.57702e+02	4.36247e-02	1.89000e+00
2.53552e+02	3.69617e-02	2.07000e+00
2.56221e+02	3.78185e-02	2.07000e+00
2.61558e+02	3.95612e-02	2.07000e+00
2.57040e+02	3.30588e-02	2.28000e+00
2.59745e+02	3.38955e-02	2.28000e+00
2.62451e+02	3.47450e-02	2.28000e+00
2.58202e+02	2.87241e-02	2.53000e+00
2.60920e+02	2.95251e-02	2.53000e+00
2.63638e+02	3.03421e-02	2.53000e+00
2.66356e+02	3.11750e-02	2.53000e+00
2.62853e+02	2.56523e-02	2.82000e+00
2.65620e+02	2.64308e-02	2.82000e+00
2.68387e+02	2.72273e-02	2.82000e+00
2.66341e+02	2.21505e-02	3.20000e+00
2.69144e+02	2.28927e-02	3.20000e+00
2.71948e+02	2.36550e-02	3.20000e+00
2.70991e+02	1.91270e-02	3.67000e+00
2.73844e+02	1.98348e-02	3.67000e+00
2.75642e+02	1.61279e-02	4.32000e+00
2.78544e+02	1.67913e-02	4.32000e+00
2.79130e+02	1.29825e-02	5.20000e+00
2.79130e+02	9.28668e-03	6.56000e+00
2.77967e+02	5.80605e-03	8.81000e+00
2.77967e+02	3.03559e-03	1.38200e+01
