# These isoelasticity lines were extracted from FEM simulations conducted
# by Lucas Wittwer. See http://dx.doi.org/10.1021/acsbiomaterials.6b00558
# and http://arxiv.org/abs/2208.12552 for more information.
#
# BEGIN METADATA
# {
#   "authors": "L. D. Wittwer, S. Aland",
#   "channel_width": 20.0,
#   "channel_width_unit": "um",
#   "date": "2022-08-26",
#   "dimensionality": "2Daxis",
#   "flow_rate": 0.04,
#   "flow_rate_unit": "uL/s",
#   "fluid_consistency_coefficient": 0.4057,
#   "fluid_consistency_coefficient_unit": "Pa s",
#   "fluid_density": 1000.0,
#   "fluid_density_unit": "kg m^-3",
#   "fluid_flow_behaviour_index": 0.6039,
#   "fluid_flow_behaviour_index_unit": "",
#   "fluid_viscosity": 6.0,
#   "fluid_viscosity_unit": "mPa s",
#   "lut identifier": "HE-2D-FEM-22",
#   "method": "FEM",
#   "model": "hyper-elastic solid / non-Newtonian fluid",
#   "software": "COMSOL 5.5",
#   "solid_density": 1000.0,
#   "solid_density_unit": "kg m^-3",
#   "summary": "2D-axis-symmetric FEM simulation with a hyper-elastic elasticity model and non-Newtonian fluid"
# }
# END METADATA
#
# area_um [um^2]	deform	emodulus [kPa]
2.93377e+01	3.23782e-02	4.90000e-01
2.97721e+01	3.30286e-02	4.90000e-01
3.00428e+01	3.34403e-02	4.90000e-01
3.03066e+01	3.38521e-02	4.90000e-01
3.05759e+01	3.42638e-02	4.90000e-01
3.08449e+01	3.46756e-02	4.90000e-01
3.11142e+01	3.50873e-02	4.90000e-01
3.13760e+01	3.54991e-02	4.90000e-01
3.16369e+01	3.59108e-02	4.90000e-01
3.18976e+01	3.63226e-02	4.90000e-01
3.21498e+01	3.67343e-02	4.90000e-01
3.24042e+01	3.71461e-02	4.90000e-01
3.26701e+01	3.75578e-02	4.90000e-01
3.29079e+01	3.79696e-02	4.90000e-01
3.31506e+01	3.83813e-02	4.90000e-01
3.33974e+01	3.87931e-02	4.90000e-01
3.36431e+01	3.92049e-02	4.90000e-01
3.38887e+01	3.96166e-02	4.90000e-01
3.41272e+01	4.00284e-02	4.90000e-01
3.43686e+01	4.04401e-02	4.90000e-01
3.46039e+01	4.08519e-02	4.90000e-01
3.48339e+01	4.12636e-02	4.90000e-01
3.50746e+01	4.16754e-02	4.90000e-01
3.52985e+01	4.20871e-02	4.90000e-01
3.55264e+01	4.24989e-02	4.90000e-01
3.57578e+01	4.29106e-02	4.90000e-01
3.59761e+01	4.33224e-02	4.90000e-01
3.62033e+01	4.37341e-02	4.90000e-01
3.64274e+01	4.41459e-02	4.90000e-01
3.66381e+01	4.45577e-02	4.90000e-01
3.68566e+01	4.49694e-02	4.90000e-01
3.70904e+01	4.53812e-02	4.90000e-01
3.72909e+01	4.57929e-02	4.90000e-01
3.74927e+01	4.62047e-02	4.90000e-01
3.77097e+01	4.66164e-02	4.90000e-01
3.79368e+01	4.70282e-02	4.90000e-01
3.81246e+01	4.74399e-02	4.90000e-01
3.83127e+01	4.78517e-02	4.90000e-01
3.85298e+01	4.82634e-02	4.90000e-01
3.87510e+01	4.86752e-02	4.90000e-01
3.89264e+01	4.90869e-02	4.90000e-01
3.91130e+01	4.94987e-02	4.90000e-01
3.93204e+01	4.99105e-02	4.90000e-01
3.95267e+01	5.03222e-02	4.90000e-01
3.97011e+01	5.07340e-02	4.90000e-01
3.98941e+01	5.11457e-02	4.90000e-01
4.00878e+01	5.15575e-02	4.90000e-01
4.02829e+01	5.19692e-02	4.90000e-01
4.04704e+01	5.23810e-02	4.90000e-01
4.06547e+01	5.27927e-02	4.90000e-01
4.08355e+01	5.32045e-02	4.90000e-01
4.10111e+01	5.36162e-02	4.90000e-01
4.11901e+01	5.40280e-02	4.90000e-01
4.13738e+01	5.44397e-02	4.90000e-01
4.15476e+01	5.48515e-02	4.90000e-01
4.17100e+01	5.52633e-02	4.90000e-01
4.18723e+01	5.56750e-02	4.90000e-01
4.20446e+01	5.60868e-02	4.90000e-01
4.22198e+01	5.64985e-02	4.90000e-01
4.23970e+01	5.69103e-02	4.90000e-01
4.25416e+01	5.73220e-02	4.90000e-01
4.26907e+01	5.77338e-02	4.90000e-01
4.28490e+01	5.81455e-02	4.90000e-01
4.30172e+01	5.85573e-02	4.90000e-01
4.31911e+01	5.89690e-02	4.90000e-01
4.33267e+01	5.93808e-02	4.90000e-01
4.34832e+01	5.97925e-02	4.90000e-01
4.36320e+01	6.02043e-02	4.90000e-01
4.37680e+01	6.06161e-02	4.90000e-01
4.39132e+01	6.10278e-02	4.90000e-01
4.40569e+01	6.14396e-02	4.90000e-01
4.42221e+01	6.18513e-02	4.90000e-01
4.43830e+01	6.22631e-02	4.90000e-01
4.45067e+01	6.26748e-02	4.90000e-01
4.46404e+01	6.30866e-02	4.90000e-01
4.47720e+01	6.34983e-02	4.90000e-01
4.49041e+01	6.39101e-02	4.90000e-01
4.50533e+01	6.43218e-02	4.90000e-01
4.52074e+01	6.47336e-02	4.90000e-01
4.53293e+01	6.51453e-02	4.90000e-01
4.54553e+01	6.55571e-02	4.90000e-01
4.55735e+01	6.59689e-02	4.90000e-01
4.56970e+01	6.63806e-02	4.90000e-01
4.58387e+01	6.67924e-02	4.90000e-01
4.59709e+01	6.72041e-02	4.90000e-01
4.61027e+01	6.76159e-02	4.90000e-01
4.62110e+01	6.80276e-02	4.90000e-01
4.63377e+01	6.84394e-02	4.90000e-01
4.64755e+01	6.88511e-02	4.90000e-01
4.65747e+01	6.92629e-02	4.90000e-01
4.67036e+01	6.96746e-02	4.90000e-01
4.68197e+01	7.00864e-02	4.90000e-01
4.69323e+01	7.04981e-02	4.90000e-01
4.70400e+01	7.09099e-02	4.90000e-01
4.71375e+01	7.13217e-02	4.90000e-01
4.72313e+01	7.17334e-02	4.90000e-01
4.73424e+01	7.21452e-02	4.90000e-01
4.74623e+01	7.25569e-02	4.90000e-01
4.75764e+01	7.29687e-02	4.90000e-01
4.76819e+01	7.33804e-02	4.90000e-01
4.78001e+01	7.37922e-02	4.90000e-01
4.78765e+01	7.42039e-02	4.90000e-01
4.79507e+01	7.46157e-02	4.90000e-01
4.80444e+01	7.50274e-02	4.90000e-01
4.81391e+01	7.54392e-02	4.90000e-01
4.82346e+01	7.58509e-02	4.90000e-01
4.83414e+01	7.62627e-02	4.90000e-01
4.84571e+01	7.66745e-02	4.90000e-01
4.85544e+01	7.70862e-02	4.90000e-01
4.86443e+01	7.74980e-02	4.90000e-01
4.87348e+01	7.79097e-02	4.90000e-01
4.87888e+01	7.83215e-02	4.90000e-01
4.88548e+01	7.87332e-02	4.90000e-01
4.89301e+01	7.91450e-02	4.90000e-01
4.90088e+01	7.95567e-02	4.90000e-01
4.90900e+01	7.99685e-02	4.90000e-01
4.91716e+01	8.03802e-02	4.90000e-01
4.92383e+01	8.07920e-02	4.90000e-01
4.92972e+01	8.12037e-02	4.90000e-01
4.94095e+01	8.16155e-02	4.90000e-01
4.95219e+01	8.20273e-02	4.90000e-01
4.96127e+01	8.24390e-02	4.90000e-01
4.96702e+01	8.28508e-02	4.90000e-01
4.97146e+01	8.32625e-02	4.90000e-01
4.97723e+01	8.36743e-02	4.90000e-01
4.98353e+01	8.40860e-02	4.90000e-01
4.99000e+01	8.44978e-02	4.90000e-01
4.99655e+01	8.49095e-02	4.90000e-01
5.00310e+01	8.53213e-02	4.90000e-01
5.00949e+01	8.57330e-02	4.90000e-01
5.01551e+01	8.61448e-02	4.90000e-01
5.02080e+01	8.65565e-02	4.90000e-01
5.02788e+01	8.69683e-02	4.90000e-01
5.03458e+01	8.73801e-02	4.90000e-01
5.04140e+01	8.77918e-02	4.90000e-01
5.05084e+01	8.82036e-02	4.90000e-01
5.05511e+01	8.86153e-02	4.90000e-01
5.05891e+01	8.90271e-02	4.90000e-01
5.06613e+01	8.94388e-02	4.90000e-01
5.07370e+01	8.98506e-02	4.90000e-01
5.08128e+01	9.02623e-02	4.90000e-01
5.08781e+01	9.06741e-02	4.90000e-01
5.08803e+01	9.10858e-02	4.90000e-01
3.05007e+01	2.13517e-02	5.90000e-01
3.11666e+01	2.19112e-02	5.90000e-01
3.16475e+01	2.23230e-02	5.90000e-01
3.21242e+01	2.27347e-02	5.90000e-01
3.25949e+01	2.31465e-02	5.90000e-01
3.30642e+01	2.35582e-02	5.90000e-01
3.35310e+01	2.39700e-02	5.90000e-01
3.39896e+01	2.43799e-02	5.90000e-01
3.44538e+01	2.47935e-02	5.90000e-01
3.49099e+01	2.52052e-02	5.90000e-01
3.53649e+01	2.56170e-02	5.90000e-01
3.58133e+01	2.60287e-02	5.90000e-01
3.62551e+01	2.64405e-02	5.90000e-01
3.67025e+01	2.68522e-02	5.90000e-01
3.71437e+01	2.72640e-02	5.90000e-01
3.75804e+01	2.76758e-02	5.90000e-01
3.80178e+01	2.80875e-02	5.90000e-01
3.84477e+01	2.84993e-02	5.90000e-01
3.88721e+01	2.89110e-02	5.90000e-01
3.92890e+01	2.93228e-02	5.90000e-01
3.96992e+01	2.97345e-02	5.90000e-01
4.01255e+01	3.01463e-02	5.90000e-01
4.05540e+01	3.05580e-02	5.90000e-01
4.09674e+01	3.09651e-02	5.90000e-01
4.13881e+01	3.13815e-02	5.90000e-01
4.18002e+01	3.17933e-02	5.90000e-01
4.21988e+01	3.22050e-02	5.90000e-01
4.25914e+01	3.26168e-02	5.90000e-01
4.29795e+01	3.30286e-02	5.90000e-01
4.33730e+01	3.34403e-02	5.90000e-01
4.37552e+01	3.38521e-02	5.90000e-01
4.41370e+01	3.42638e-02	5.90000e-01
4.45163e+01	3.46756e-02	5.90000e-01
4.48960e+01	3.50873e-02	5.90000e-01
4.52710e+01	3.54991e-02	5.90000e-01
4.56424e+01	3.59108e-02	5.90000e-01
4.60211e+01	3.63226e-02	5.90000e-01
4.64019e+01	3.67343e-02	5.90000e-01
4.67823e+01	3.71430e-02	5.90000e-01
4.71361e+01	3.75578e-02	5.90000e-01
4.74939e+01	3.79696e-02	5.90000e-01
4.78523e+01	3.83813e-02	5.90000e-01
4.82047e+01	3.87931e-02	5.90000e-01
4.85591e+01	3.92049e-02	5.90000e-01
4.89162e+01	3.96166e-02	5.90000e-01
4.92797e+01	4.00284e-02	5.90000e-01
4.96189e+01	4.04401e-02	5.90000e-01
4.99699e+01	4.08519e-02	5.90000e-01
5.03230e+01	4.12636e-02	5.90000e-01
5.06592e+01	4.16754e-02	5.90000e-01
5.09919e+01	4.20871e-02	5.90000e-01
5.13297e+01	4.24989e-02	5.90000e-01
5.16652e+01	4.29106e-02	5.90000e-01
5.19846e+01	4.33224e-02	5.90000e-01
5.23083e+01	4.37341e-02	5.90000e-01
5.26358e+01	4.41459e-02	5.90000e-01
5.29598e+01	4.45577e-02	5.90000e-01
5.32711e+01	4.49694e-02	5.90000e-01
5.35861e+01	4.53812e-02	5.90000e-01
5.39074e+01	4.57929e-02	5.90000e-01
5.42226e+01	4.62047e-02	5.90000e-01
5.45286e+01	4.66164e-02	5.90000e-01
5.48363e+01	4.70282e-02	5.90000e-01
5.51455e+01	4.74399e-02	5.90000e-01
5.54475e+01	4.78517e-02	5.90000e-01
5.57438e+01	4.82634e-02	5.90000e-01
5.60384e+01	4.86752e-02	5.90000e-01
5.63382e+01	4.90869e-02	5.90000e-01
5.66348e+01	4.94987e-02	5.90000e-01
5.69225e+01	4.99105e-02	5.90000e-01
5.72098e+01	5.03222e-02	5.90000e-01
5.75094e+01	5.07340e-02	5.90000e-01
5.78064e+01	5.11457e-02	5.90000e-01
5.80954e+01	5.15575e-02	5.90000e-01
5.83849e+01	5.19692e-02	5.90000e-01
5.86689e+01	5.23810e-02	5.90000e-01
5.89522e+01	5.27927e-02	5.90000e-01
5.92234e+01	5.32045e-02	5.90000e-01
5.94923e+01	5.36162e-02	5.90000e-01
5.97605e+01	5.40280e-02	5.90000e-01
6.00305e+01	5.44397e-02	5.90000e-01
6.02929e+01	5.48515e-02	5.90000e-01
6.05455e+01	5.52633e-02	5.90000e-01
6.08033e+01	5.56750e-02	5.90000e-01
6.10583e+01	5.60868e-02	5.90000e-01
6.13122e+01	5.64985e-02	5.90000e-01
6.15733e+01	5.69103e-02	5.90000e-01
6.18383e+01	5.73220e-02	5.90000e-01
6.20773e+01	5.77338e-02	5.90000e-01
6.23228e+01	5.81455e-02	5.90000e-01
6.25602e+01	5.85573e-02	5.90000e-01
6.28203e+01	5.89690e-02	5.90000e-01
6.30639e+01	5.93786e-02	5.90000e-01
6.32904e+01	5.97925e-02	5.90000e-01
6.35324e+01	6.02043e-02	5.90000e-01
6.37552e+01	6.06161e-02	5.90000e-01
6.40027e+01	6.10278e-02	5.90000e-01
6.42518e+01	6.14396e-02	5.90000e-01
6.44986e+01	6.18513e-02	5.90000e-01
6.47322e+01	6.22631e-02	5.90000e-01
6.49524e+01	6.26748e-02	5.90000e-01
6.51686e+01	6.30866e-02	5.90000e-01
6.53848e+01	6.34983e-02	5.90000e-01
6.55931e+01	6.39101e-02	5.90000e-01
6.58204e+01	6.43218e-02	5.90000e-01
6.60370e+01	6.47336e-02	5.90000e-01
6.62718e+01	6.51453e-02	5.90000e-01
6.65091e+01	6.55571e-02	5.90000e-01
6.67020e+01	6.59689e-02	5.90000e-01
6.69124e+01	6.63806e-02	5.90000e-01
6.71204e+01	6.67924e-02	5.90000e-01
6.73126e+01	6.72041e-02	5.90000e-01
6.75022e+01	6.76159e-02	5.90000e-01
6.76949e+01	6.80276e-02	5.90000e-01
6.79182e+01	6.84394e-02	5.90000e-01
6.81172e+01	6.88511e-02	5.90000e-01
6.83113e+01	6.92629e-02	5.90000e-01
6.85103e+01	6.96746e-02	5.90000e-01
6.87115e+01	7.00864e-02	5.90000e-01
6.88865e+01	7.04981e-02	5.90000e-01
6.90565e+01	7.09099e-02	5.90000e-01
6.92225e+01	7.13217e-02	5.90000e-01
6.93918e+01	7.17334e-02	5.90000e-01
6.95816e+01	7.21452e-02	5.90000e-01
6.97850e+01	7.25569e-02	5.90000e-01
6.99634e+01	7.29687e-02	5.90000e-01
7.01454e+01	7.33804e-02	5.90000e-01
7.03127e+01	7.37922e-02	5.90000e-01
7.04689e+01	7.42039e-02	5.90000e-01
7.06231e+01	7.46157e-02	5.90000e-01
7.07825e+01	7.50274e-02	5.90000e-01
7.09483e+01	7.54392e-02	5.90000e-01
7.11136e+01	7.58509e-02	5.90000e-01
7.12939e+01	7.62627e-02	5.90000e-01
7.14489e+01	7.66745e-02	5.90000e-01
7.15937e+01	7.70862e-02	5.90000e-01
7.17447e+01	7.74980e-02	5.90000e-01
7.18904e+01	7.79097e-02	5.90000e-01
7.20421e+01	7.83215e-02	5.90000e-01
7.21993e+01	7.87332e-02	5.90000e-01
7.23451e+01	7.91450e-02	5.90000e-01
7.24866e+01	7.95567e-02	5.90000e-01
7.26210e+01	7.99685e-02	5.90000e-01
7.27601e+01	8.03802e-02	5.90000e-01
7.29094e+01	8.07920e-02	5.90000e-01
7.30608e+01	8.12037e-02	5.90000e-01
7.32198e+01	8.16155e-02	5.90000e-01
7.33708e+01	8.20273e-02	5.90000e-01
7.35036e+01	8.24390e-02	5.90000e-01
7.36360e+01	8.28508e-02	5.90000e-01
7.37735e+01	8.32625e-02	5.90000e-01
7.39102e+01	8.36743e-02	5.90000e-01
7.40349e+01	8.40860e-02	5.90000e-01
7.41626e+01	8.44978e-02	5.90000e-01
7.42981e+01	8.49095e-02	5.90000e-01
7.44321e+01	8.53213e-02	5.90000e-01
7.45525e+01	8.57330e-02	5.90000e-01
7.46725e+01	8.61448e-02	5.90000e-01
7.47943e+01	8.65565e-02	5.90000e-01
7.49227e+01	8.69683e-02	5.90000e-01
7.50322e+01	8.73801e-02	5.90000e-01
7.51359e+01	8.77918e-02	5.90000e-01
7.52422e+01	8.82036e-02	5.90000e-01
7.53550e+01	8.86153e-02	5.90000e-01
7.54669e+01	8.90271e-02	5.90000e-01
7.55700e+01	8.94388e-02	5.90000e-01
7.56721e+01	8.98506e-02	5.90000e-01
7.57750e+01	9.02623e-02	5.90000e-01
7.58747e+01	9.06741e-02	5.90000e-01
7.59672e+01	9.10858e-02	5.90000e-01
7.60383e+01	9.14976e-02	5.90000e-01
7.61241e+01	9.19093e-02	5.90000e-01
7.62228e+01	9.23211e-02	5.90000e-01
7.63258e+01	9.27329e-02	5.90000e-01
3.05007e+01	1.48790e-02	6.90000e-01
3.12972e+01	1.53231e-02	6.90000e-01
3.20272e+01	1.57349e-02	6.90000e-01
3.27483e+01	1.61466e-02	6.90000e-01
3.34650e+01	1.65584e-02	6.90000e-01
3.41765e+01	1.69702e-02	6.90000e-01
3.48830e+01	1.73819e-02	6.90000e-01
3.55855e+01	1.77937e-02	6.90000e-01
3.62762e+01	1.82054e-02	6.90000e-01
3.69726e+01	1.86172e-02	6.90000e-01
3.76576e+01	1.90289e-02	6.90000e-01
3.83470e+01	1.94407e-02	6.90000e-01
3.90176e+01	1.98524e-02	6.90000e-01
3.96701e+01	2.02642e-02	6.90000e-01
4.03469e+01	2.06759e-02	6.90000e-01
4.09674e+01	2.10566e-02	6.90000e-01
4.16864e+01	2.14994e-02	6.90000e-01
4.23355e+01	2.19112e-02	6.90000e-01
4.29770e+01	2.23230e-02	6.90000e-01
4.36060e+01	2.27347e-02	6.90000e-01
4.42383e+01	2.31465e-02	6.90000e-01
4.48594e+01	2.35582e-02	6.90000e-01
4.54845e+01	2.39700e-02	6.90000e-01
4.61030e+01	2.43817e-02	6.90000e-01
4.67271e+01	2.47935e-02	6.90000e-01
4.73363e+01	2.52052e-02	6.90000e-01
4.79452e+01	2.56169e-02	6.90000e-01
4.85398e+01	2.60287e-02	6.90000e-01
4.91082e+01	2.64248e-02	6.90000e-01
4.97378e+01	2.68522e-02	6.90000e-01
5.02712e+01	2.72201e-02	6.90000e-01
5.09343e+01	2.76758e-02	6.90000e-01
5.15172e+01	2.80875e-02	6.90000e-01
5.20924e+01	2.84993e-02	6.90000e-01
5.25971e+01	2.88709e-02	6.90000e-01
5.32279e+01	2.93228e-02	6.90000e-01
5.37601e+01	2.97176e-02	6.90000e-01
5.43544e+01	3.01463e-02	6.90000e-01
5.49044e+01	3.05580e-02	6.90000e-01
5.54671e+01	3.09698e-02	6.90000e-01
5.60169e+01	3.13815e-02	6.90000e-01
5.65597e+01	3.17933e-02	6.90000e-01
5.70966e+01	3.22050e-02	6.90000e-01
5.76360e+01	3.26168e-02	6.90000e-01
5.81843e+01	3.30286e-02	6.90000e-01
5.87205e+01	3.34403e-02	6.90000e-01
5.92656e+01	3.38521e-02	6.90000e-01
5.97957e+01	3.42638e-02	6.90000e-01
6.03218e+01	3.46756e-02	6.90000e-01
6.08395e+01	3.50873e-02	6.90000e-01
6.13401e+01	3.54991e-02	6.90000e-01
6.18397e+01	3.59108e-02	6.90000e-01
6.23509e+01	3.63226e-02	6.90000e-01
6.28504e+01	3.67343e-02	6.90000e-01
6.33365e+01	3.71461e-02	6.90000e-01
6.38340e+01	3.75578e-02	6.90000e-01
6.43314e+01	3.79696e-02	6.90000e-01
6.48443e+01	3.83813e-02	6.90000e-01
6.53540e+01	3.87931e-02	6.90000e-01
6.58304e+01	3.92049e-02	6.90000e-01
6.63005e+01	3.96166e-02	6.90000e-01
6.67886e+01	4.00284e-02	6.90000e-01
6.72870e+01	4.04401e-02	6.90000e-01
6.77748e+01	4.08519e-02	6.90000e-01
6.82235e+01	4.12636e-02	6.90000e-01
6.86877e+01	4.16754e-02	6.90000e-01
6.91599e+01	4.20871e-02	6.90000e-01
6.96257e+01	4.24989e-02	6.90000e-01
7.00417e+01	4.28867e-02	6.90000e-01
7.05107e+01	4.33224e-02	6.90000e-01
7.09649e+01	4.37341e-02	6.90000e-01
7.14211e+01	4.41459e-02	6.90000e-01
7.18474e+01	4.45577e-02	6.90000e-01
7.22860e+01	4.49694e-02	6.90000e-01
7.27304e+01	4.53812e-02	6.90000e-01
7.31720e+01	4.57929e-02	6.90000e-01
7.36165e+01	4.62047e-02	6.90000e-01
7.40524e+01	4.66164e-02	6.90000e-01
7.44792e+01	4.70282e-02	6.90000e-01
7.49077e+01	4.74399e-02	6.90000e-01
7.53334e+01	4.78517e-02	6.90000e-01
7.57572e+01	4.82634e-02	6.90000e-01
7.61910e+01	4.86752e-02	6.90000e-01
7.66119e+01	4.90869e-02	6.90000e-01
7.70181e+01	4.94987e-02	6.90000e-01
7.74259e+01	4.99105e-02	6.90000e-01
7.78349e+01	5.03222e-02	6.90000e-01
7.82461e+01	5.07340e-02	6.90000e-01
7.86564e+01	5.11457e-02	6.90000e-01
7.90575e+01	5.15575e-02	6.90000e-01
7.94446e+01	5.19692e-02	6.90000e-01
7.98493e+01	5.23810e-02	6.90000e-01
8.02524e+01	5.27927e-02	6.90000e-01
8.06399e+01	5.32045e-02	6.90000e-01
8.10326e+01	5.36162e-02	6.90000e-01
8.14277e+01	5.40280e-02	6.90000e-01
8.18152e+01	5.44397e-02	6.90000e-01
8.21978e+01	5.48515e-02	6.90000e-01
8.25845e+01	5.52633e-02	6.90000e-01
8.29619e+01	5.56750e-02	6.90000e-01
8.33351e+01	5.60868e-02	6.90000e-01
8.37137e+01	5.64985e-02	6.90000e-01
8.40899e+01	5.69103e-02	6.90000e-01
8.44551e+01	5.73220e-02	6.90000e-01
8.48249e+01	5.77338e-02	6.90000e-01
8.51977e+01	5.81455e-02	6.90000e-01
8.55563e+01	5.85573e-02	6.90000e-01
8.59156e+01	5.89690e-02	6.90000e-01
8.62817e+01	5.93808e-02	6.90000e-01
8.66440e+01	5.97925e-02	6.90000e-01
8.69944e+01	6.02043e-02	6.90000e-01
8.73524e+01	6.06161e-02	6.90000e-01
8.77135e+01	6.10278e-02	6.90000e-01
8.80611e+01	6.14396e-02	6.90000e-01
8.84099e+01	6.18513e-02	6.90000e-01
8.87663e+01	6.22631e-02	6.90000e-01
8.91164e+01	6.26748e-02	6.90000e-01
8.94512e+01	6.30866e-02	6.90000e-01
8.97891e+01	6.34983e-02	6.90000e-01
9.01303e+01	6.39101e-02	6.90000e-01
9.04640e+01	6.43218e-02	6.90000e-01
9.08027e+01	6.47336e-02	6.90000e-01
9.11452e+01	6.51453e-02	6.90000e-01
9.14802e+01	6.55571e-02	6.90000e-01
9.17959e+01	6.59689e-02	6.90000e-01
9.21152e+01	6.63806e-02	6.90000e-01
9.24369e+01	6.67924e-02	6.90000e-01
9.27572e+01	6.72041e-02	6.90000e-01
9.30746e+01	6.76159e-02	6.90000e-01
9.34006e+01	6.80276e-02	6.90000e-01
9.37316e+01	6.84394e-02	6.90000e-01
9.40437e+01	6.88511e-02	6.90000e-01
9.43375e+01	6.92629e-02	6.90000e-01
9.46521e+01	6.96746e-02	6.90000e-01
9.49776e+01	7.00864e-02	6.90000e-01
9.52928e+01	7.04981e-02	6.90000e-01
9.55965e+01	7.09099e-02	6.90000e-01
9.58995e+01	7.13217e-02	6.90000e-01
9.62021e+01	7.17334e-02	6.90000e-01
9.65024e+01	7.21452e-02	6.90000e-01
9.68000e+01	7.25569e-02	6.90000e-01
9.70997e+01	7.29687e-02	6.90000e-01
9.74015e+01	7.33804e-02	6.90000e-01
9.76972e+01	7.37922e-02	6.90000e-01
9.79701e+01	7.42039e-02	6.90000e-01
9.82551e+01	7.46157e-02	6.90000e-01
9.85537e+01	7.50274e-02	6.90000e-01
9.88578e+01	7.54392e-02	6.90000e-01
9.91339e+01	7.58509e-02	6.90000e-01
9.94112e+01	7.62627e-02	6.90000e-01
9.96915e+01	7.66745e-02	6.90000e-01
9.99761e+01	7.70862e-02	6.90000e-01
1.00254e+02	7.74980e-02	6.90000e-01
1.00526e+02	7.79097e-02	6.90000e-01
1.00802e+02	7.83215e-02	6.90000e-01
1.01080e+02	7.87332e-02	6.90000e-01
1.01361e+02	7.91450e-02	6.90000e-01
1.01648e+02	7.95567e-02	6.90000e-01
1.01934e+02	7.99685e-02	6.90000e-01
1.02214e+02	8.03802e-02	6.90000e-01
1.02485e+02	8.07920e-02	6.90000e-01
1.02761e+02	8.12037e-02	6.90000e-01
1.03044e+02	8.16155e-02	6.90000e-01
1.03323e+02	8.20273e-02	6.90000e-01
1.03599e+02	8.24390e-02	6.90000e-01
1.03871e+02	8.28508e-02	6.90000e-01
1.04157e+02	8.32625e-02	6.90000e-01
1.04443e+02	8.36743e-02	6.90000e-01
1.04722e+02	8.40860e-02	6.90000e-01
1.04983e+02	8.44978e-02	6.90000e-01
1.05247e+02	8.49095e-02	6.90000e-01
1.05515e+02	8.53213e-02	6.90000e-01
1.05780e+02	8.57330e-02	6.90000e-01
1.06036e+02	8.61448e-02	6.90000e-01
1.06283e+02	8.65565e-02	6.90000e-01
1.06541e+02	8.69683e-02	6.90000e-01
1.06810e+02	8.73801e-02	6.90000e-01
1.07078e+02	8.77918e-02	6.90000e-01
1.07335e+02	8.82036e-02	6.90000e-01
1.07587e+02	8.86153e-02	6.90000e-01
1.07840e+02	8.90271e-02	6.90000e-01
1.08094e+02	8.94388e-02	6.90000e-01
1.08346e+02	8.98506e-02	6.90000e-01
1.08585e+02	9.02623e-02	6.90000e-01
1.08819e+02	9.06741e-02	6.90000e-01
1.09061e+02	9.10858e-02	6.90000e-01
1.09314e+02	9.14976e-02	6.90000e-01
1.09568e+02	9.19093e-02	6.90000e-01
1.09788e+02	9.23211e-02	6.90000e-01
1.09990e+02	9.27329e-02	6.90000e-01
1.10198e+02	9.31446e-02	6.90000e-01
1.10418e+02	9.35564e-02	6.90000e-01
1.10664e+02	9.39681e-02	6.90000e-01
1.10933e+02	9.43799e-02	6.90000e-01
1.11266e+02	9.47916e-02	6.90000e-01
3.05007e+01	1.10402e-02	7.90000e-01
3.16636e+01	1.15087e-02	7.90000e-01
3.28266e+01	1.19822e-02	7.90000e-01
3.39383e+01	1.24409e-02	7.90000e-01
3.49354e+01	1.28526e-02	7.90000e-01
3.59152e+01	1.32644e-02	7.90000e-01
3.68874e+01	1.36761e-02	7.90000e-01
3.78583e+01	1.40879e-02	7.90000e-01
3.86415e+01	1.44210e-02	7.90000e-01
3.97605e+01	1.49114e-02	7.90000e-01
4.07136e+01	1.53231e-02	7.90000e-01
4.16609e+01	1.57349e-02	7.90000e-01
4.25956e+01	1.61466e-02	7.90000e-01
4.35062e+01	1.65584e-02	7.90000e-01
4.44026e+01	1.69702e-02	7.90000e-01
4.53053e+01	1.73819e-02	7.90000e-01
4.62057e+01	1.77937e-02	7.90000e-01
4.70892e+01	1.82054e-02	7.90000e-01
4.79452e+01	1.86033e-02	7.90000e-01
4.88398e+01	1.90289e-02	7.90000e-01
4.97072e+01	1.94407e-02	7.90000e-01
5.05852e+01	1.98524e-02	7.90000e-01
5.14341e+01	2.02514e-02	7.90000e-01
5.22914e+01	2.06759e-02	7.90000e-01
5.31232e+01	2.10877e-02	7.90000e-01
5.39611e+01	2.14994e-02	7.90000e-01
5.47879e+01	2.19112e-02	7.90000e-01
5.56122e+01	2.23230e-02	7.90000e-01
5.64324e+01	2.27347e-02	7.90000e-01
5.72334e+01	2.31465e-02	7.90000e-01
5.80372e+01	2.35582e-02	7.90000e-01
5.88433e+01	2.39700e-02	7.90000e-01
5.95749e+01	2.43447e-02	7.90000e-01
6.04504e+01	2.47935e-02	7.90000e-01
6.12268e+01	2.52052e-02	7.90000e-01
6.19009e+01	2.55688e-02	7.90000e-01
6.27379e+01	2.60287e-02	7.90000e-01
6.34859e+01	2.64405e-02	7.90000e-01
6.42268e+01	2.68388e-02	7.90000e-01
6.50085e+01	2.72640e-02	7.90000e-01
6.57764e+01	2.76758e-02	7.90000e-01
6.65528e+01	2.80804e-02	7.90000e-01
6.72758e+01	2.84993e-02	7.90000e-01
6.80038e+01	2.89110e-02	7.90000e-01
6.87487e+01	2.93228e-02	7.90000e-01
6.94786e+01	2.97345e-02	7.90000e-01
7.01986e+01	3.01463e-02	7.90000e-01
7.08948e+01	3.05580e-02	7.90000e-01
7.15871e+01	3.09698e-02	7.90000e-01
7.22873e+01	3.13815e-02	7.90000e-01
7.29894e+01	3.17933e-02	7.90000e-01
7.36826e+01	3.22050e-02	7.90000e-01
7.43767e+01	3.26168e-02	7.90000e-01
7.50731e+01	3.30286e-02	7.90000e-01
7.57549e+01	3.34403e-02	7.90000e-01
7.64312e+01	3.38521e-02	7.90000e-01
7.70195e+01	3.42113e-02	7.90000e-01
7.77896e+01	3.46756e-02	7.90000e-01
7.84474e+01	3.50873e-02	7.90000e-01
7.90947e+01	3.54991e-02	7.90000e-01
7.97583e+01	3.59108e-02	7.90000e-01
8.04131e+01	3.63226e-02	7.90000e-01
8.10638e+01	3.67343e-02	7.90000e-01
8.16714e+01	3.71192e-02	7.90000e-01
8.23599e+01	3.75578e-02	7.90000e-01
8.30107e+01	3.79696e-02	7.90000e-01
8.36378e+01	3.83813e-02	7.90000e-01
8.42634e+01	3.87931e-02	7.90000e-01
8.48911e+01	3.92049e-02	7.90000e-01
8.55233e+01	3.96166e-02	7.90000e-01
8.61387e+01	4.00284e-02	7.90000e-01
8.67617e+01	4.04401e-02	7.90000e-01
8.73726e+01	4.08519e-02	7.90000e-01
8.79884e+01	4.12636e-02	7.90000e-01
8.85999e+01	4.16754e-02	7.90000e-01
8.92236e+01	4.20871e-02	7.90000e-01
8.98122e+01	4.24883e-02	7.90000e-01
9.04266e+01	4.29106e-02	7.90000e-01
9.09752e+01	4.32877e-02	7.90000e-01
9.16187e+01	4.37341e-02	7.90000e-01
9.22067e+01	4.41459e-02	7.90000e-01
9.27957e+01	4.45577e-02	7.90000e-01
9.33810e+01	4.49694e-02	7.90000e-01
9.39570e+01	4.53812e-02	7.90000e-01
9.45328e+01	4.57929e-02	7.90000e-01
9.51118e+01	4.62047e-02	7.90000e-01
9.56937e+01	4.66164e-02	7.90000e-01
9.62638e+01	4.70282e-02	7.90000e-01
9.67900e+01	4.74041e-02	7.90000e-01
9.74085e+01	4.78517e-02	7.90000e-01
9.79530e+01	4.82443e-02	7.90000e-01
9.85466e+01	4.86752e-02	7.90000e-01
9.90920e+01	4.90869e-02	7.90000e-01
9.96438e+01	4.94987e-02	7.90000e-01
1.00205e+02	4.99105e-02	7.90000e-01
1.00781e+02	5.03222e-02	7.90000e-01
1.01335e+02	5.07340e-02	7.90000e-01
1.01875e+02	5.11457e-02	7.90000e-01
1.02424e+02	5.15575e-02	7.90000e-01
1.02970e+02	5.19692e-02	7.90000e-01
1.03513e+02	5.23810e-02	7.90000e-01
1.04052e+02	5.27927e-02	7.90000e-01
1.04600e+02	5.32045e-02	7.90000e-01
1.05139e+02	5.36162e-02	7.90000e-01
1.05677e+02	5.40280e-02	7.90000e-01
1.06216e+02	5.44397e-02	7.90000e-01
1.06750e+02	5.48515e-02	7.90000e-01
1.07257e+02	5.52364e-02	7.90000e-01
1.07820e+02	5.56750e-02	7.90000e-01
1.08339e+02	5.60868e-02	7.90000e-01
1.08861e+02	5.64985e-02	7.90000e-01
1.09394e+02	5.69103e-02	7.90000e-01
1.09932e+02	5.73220e-02	7.90000e-01
1.10454e+02	5.77338e-02	7.90000e-01
1.10961e+02	5.81455e-02	7.90000e-01
1.11474e+02	5.85573e-02	7.90000e-01
1.11999e+02	5.89690e-02	7.90000e-01
1.12532e+02	5.93808e-02	7.90000e-01
1.13050e+02	5.97925e-02	7.90000e-01
1.13563e+02	6.02043e-02	7.90000e-01
1.14083e+02	6.06161e-02	7.90000e-01
1.14596e+02	6.10278e-02	7.90000e-01
1.15119e+02	6.14396e-02	7.90000e-01
1.15629e+02	6.18513e-02	7.90000e-01
1.16133e+02	6.22631e-02	7.90000e-01
1.16640e+02	6.26748e-02	7.90000e-01
1.17144e+02	6.30866e-02	7.90000e-01
1.17649e+02	6.34983e-02	7.90000e-01
1.18159e+02	6.39101e-02	7.90000e-01
1.18674e+02	6.43218e-02	7.90000e-01
1.19195e+02	6.47336e-02	7.90000e-01
1.19694e+02	6.51453e-02	7.90000e-01
1.20199e+02	6.55571e-02	7.90000e-01
1.20702e+02	6.59689e-02	7.90000e-01
1.21202e+02	6.63806e-02	7.90000e-01
1.21704e+02	6.67924e-02	7.90000e-01
1.22206e+02	6.72041e-02	7.90000e-01
1.22709e+02	6.76159e-02	7.90000e-01
1.23212e+02	6.80276e-02	7.90000e-01
1.23709e+02	6.84394e-02	7.90000e-01
1.24214e+02	6.88511e-02	7.90000e-01
1.24701e+02	6.92483e-02	7.90000e-01
1.25210e+02	6.96746e-02	7.90000e-01
1.25707e+02	7.00864e-02	7.90000e-01
1.26202e+02	7.04981e-02	7.90000e-01
1.26702e+02	7.09099e-02	7.90000e-01
1.27206e+02	7.13217e-02	7.90000e-01
1.27704e+02	7.17334e-02	7.90000e-01
1.28190e+02	7.21432e-02	7.90000e-01
1.28688e+02	7.25569e-02	7.90000e-01
1.29178e+02	7.29687e-02	7.90000e-01
1.29691e+02	7.33804e-02	7.90000e-01
1.30204e+02	7.37922e-02	7.90000e-01
1.30703e+02	7.42039e-02	7.90000e-01
1.31209e+02	7.46157e-02	7.90000e-01
1.31679e+02	7.50038e-02	7.90000e-01
1.32186e+02	7.54392e-02	7.90000e-01
1.32662e+02	7.58509e-02	7.90000e-01
1.33148e+02	7.62627e-02	7.90000e-01
1.33659e+02	7.66745e-02	7.90000e-01
1.34178e+02	7.70862e-02	7.90000e-01
1.34684e+02	7.74980e-02	7.90000e-01
1.35168e+02	7.78894e-02	7.90000e-01
1.35706e+02	7.83215e-02	7.90000e-01
1.36192e+02	7.87332e-02	7.90000e-01
1.36683e+02	7.91450e-02	7.90000e-01
1.37178e+02	7.95567e-02	7.90000e-01
1.37684e+02	7.99685e-02	7.90000e-01
1.38198e+02	8.03802e-02	7.90000e-01
1.38715e+02	8.07920e-02	7.90000e-01
1.39272e+02	8.12037e-02	7.90000e-01
1.39820e+02	8.16037e-02	7.90000e-01
1.40387e+02	8.20273e-02	7.90000e-01
1.40938e+02	8.24390e-02	7.90000e-01
1.41494e+02	8.28508e-02	7.90000e-01
1.42041e+02	8.32625e-02	7.90000e-01
1.42592e+02	8.36743e-02	7.90000e-01
1.43138e+02	8.40860e-02	7.90000e-01
1.43709e+02	8.44978e-02	7.90000e-01
1.44289e+02	8.49095e-02	7.90000e-01
1.44860e+02	8.53213e-02	7.90000e-01
1.45447e+02	8.57330e-02	7.90000e-01
1.46033e+02	8.61448e-02	7.90000e-01
1.46590e+02	8.65565e-02	7.90000e-01
1.47154e+02	8.69683e-02	7.90000e-01
1.47734e+02	8.73801e-02	7.90000e-01
1.48349e+02	8.77918e-02	7.90000e-01
1.48974e+02	8.82036e-02	7.90000e-01
1.49561e+02	8.86153e-02	7.90000e-01
1.50158e+02	8.90271e-02	7.90000e-01
1.50753e+02	8.94388e-02	7.90000e-01
1.51364e+02	8.98506e-02	7.90000e-01
1.51987e+02	9.02623e-02	7.90000e-01
1.52589e+02	9.06741e-02	7.90000e-01
1.53182e+02	9.10858e-02	7.90000e-01
1.53776e+02	9.14962e-02	7.90000e-01
1.54495e+02	9.19093e-02	7.90000e-01
1.55201e+02	9.23211e-02	7.90000e-01
1.55822e+02	9.27329e-02	7.90000e-01
1.56440e+02	9.31446e-02	7.90000e-01
1.57071e+02	9.35564e-02	7.90000e-01
1.57704e+02	9.39681e-02	7.90000e-01
1.58332e+02	9.43799e-02	7.90000e-01
1.59047e+02	9.47916e-02	7.90000e-01
1.59767e+02	9.52034e-02	7.90000e-01
1.60438e+02	9.56151e-02	7.90000e-01
1.61098e+02	9.60269e-02	7.90000e-01
1.61814e+02	9.64386e-02	7.90000e-01
1.62563e+02	9.68504e-02	7.90000e-01
1.63340e+02	9.72621e-02	7.90000e-01
1.64211e+02	9.76739e-02	7.90000e-01
1.65127e+02	9.80857e-02	7.90000e-01
3.05007e+01	8.13250e-03	9.10000e-01
3.16636e+01	8.47231e-03	9.10000e-01
3.25769e+01	8.73508e-03	9.10000e-01
3.39605e+01	9.14683e-03	9.10000e-01
3.51525e+01	9.51022e-03	9.10000e-01
3.63155e+01	9.86191e-03	9.10000e-01
3.74785e+01	1.02177e-02	9.10000e-01
3.86415e+01	1.05753e-02	9.10000e-01
3.98044e+01	1.09358e-02	9.10000e-01
4.09674e+01	1.13006e-02	9.10000e-01
4.19863e+01	1.16174e-02	9.10000e-01
4.32903e+01	1.20291e-02	9.10000e-01
4.44563e+01	1.24068e-02	9.10000e-01
4.56193e+01	1.27834e-02	9.10000e-01
4.67823e+01	1.31613e-02	9.10000e-01
4.79452e+01	1.35432e-02	9.10000e-01
4.91082e+01	1.39317e-02	9.10000e-01
5.02712e+01	1.43193e-02	9.10000e-01
5.14341e+01	1.47120e-02	9.10000e-01
5.25971e+01	1.51052e-02	9.10000e-01
5.37601e+01	1.55043e-02	9.10000e-01
5.49231e+01	1.59081e-02	9.10000e-01
5.60860e+01	1.63145e-02	9.10000e-01
5.72490e+01	1.67241e-02	9.10000e-01
5.84120e+01	1.71380e-02	9.10000e-01
5.95749e+01	1.75534e-02	9.10000e-01
6.07379e+01	1.79765e-02	9.10000e-01
6.19009e+01	1.84030e-02	9.10000e-01
6.30639e+01	1.88287e-02	9.10000e-01
6.42268e+01	1.92633e-02	9.10000e-01
6.53898e+01	1.96968e-02	9.10000e-01
6.65528e+01	2.01374e-02	9.10000e-01
6.77157e+01	2.05815e-02	9.10000e-01
6.88787e+01	2.10300e-02	9.10000e-01
7.00417e+01	2.14820e-02	9.10000e-01
7.11422e+01	2.19112e-02	9.10000e-01
7.21830e+01	2.23230e-02	9.10000e-01
7.32067e+01	2.27347e-02	9.10000e-01
7.42300e+01	2.31465e-02	9.10000e-01
7.52489e+01	2.35582e-02	9.10000e-01
7.62633e+01	2.39700e-02	9.10000e-01
7.72657e+01	2.43817e-02	9.10000e-01
7.81825e+01	2.47644e-02	9.10000e-01
7.92408e+01	2.52052e-02	9.10000e-01
8.02218e+01	2.56170e-02	9.10000e-01
8.11899e+01	2.60287e-02	9.10000e-01
8.21567e+01	2.64405e-02	9.10000e-01
8.31202e+01	2.68522e-02	9.10000e-01
8.39973e+01	2.72317e-02	9.10000e-01
8.50165e+01	2.76758e-02	9.10000e-01
8.59561e+01	2.80875e-02	9.10000e-01
8.68926e+01	2.84993e-02	9.10000e-01
8.78178e+01	2.89110e-02	9.10000e-01
8.86492e+01	2.92851e-02	9.10000e-01
8.96510e+01	2.97345e-02	9.10000e-01
9.05668e+01	3.01463e-02	9.10000e-01
9.14663e+01	3.05580e-02	9.10000e-01
9.23619e+01	3.09698e-02	9.10000e-01
9.32574e+01	3.13815e-02	9.10000e-01
9.41477e+01	3.17933e-02	9.10000e-01
9.50273e+01	3.22050e-02	9.10000e-01
9.59047e+01	3.26168e-02	9.10000e-01
9.67701e+01	3.30286e-02	9.10000e-01
9.76435e+01	3.34403e-02	9.10000e-01
9.85090e+01	3.38521e-02	9.10000e-01
9.93653e+01	3.42638e-02	9.10000e-01
1.00213e+02	3.46756e-02	9.10000e-01
1.01063e+02	3.50873e-02	9.10000e-01
1.01908e+02	3.54991e-02	9.10000e-01
1.02605e+02	3.58403e-02	9.10000e-01
1.03592e+02	3.63226e-02	9.10000e-01
1.04422e+02	3.67343e-02	9.10000e-01
1.05251e+02	3.71461e-02	9.10000e-01
1.06080e+02	3.75578e-02	9.10000e-01
1.06895e+02	3.79696e-02	9.10000e-01
1.07715e+02	3.83813e-02	9.10000e-01
1.08420e+02	3.87371e-02	9.10000e-01
1.09341e+02	3.92049e-02	9.10000e-01
1.10151e+02	3.96166e-02	9.10000e-01
1.10954e+02	4.00284e-02	9.10000e-01
1.11757e+02	4.04401e-02	9.10000e-01
1.12558e+02	4.08519e-02	9.10000e-01
1.13354e+02	4.12636e-02	9.10000e-01
1.14152e+02	4.16754e-02	9.10000e-01
1.14938e+02	4.20871e-02	9.10000e-01
1.15730e+02	4.24989e-02	9.10000e-01
1.16518e+02	4.29106e-02	9.10000e-01
1.17296e+02	4.33224e-02	9.10000e-01
1.18078e+02	4.37341e-02	9.10000e-01
1.18851e+02	4.41459e-02	9.10000e-01
1.19632e+02	4.45577e-02	9.10000e-01
1.20414e+02	4.49694e-02	9.10000e-01
1.21187e+02	4.53812e-02	9.10000e-01
1.21961e+02	4.57929e-02	9.10000e-01
1.22727e+02	4.62047e-02	9.10000e-01
1.23497e+02	4.66164e-02	9.10000e-01
1.24261e+02	4.70282e-02	9.10000e-01
1.25029e+02	4.74399e-02	9.10000e-01
1.25789e+02	4.78517e-02	9.10000e-01
1.26554e+02	4.82634e-02	9.10000e-01
1.27316e+02	4.86752e-02	9.10000e-01
1.28077e+02	4.90869e-02	9.10000e-01
1.28841e+02	4.94987e-02	9.10000e-01
1.29596e+02	4.99105e-02	9.10000e-01
1.30354e+02	5.03222e-02	9.10000e-01
1.31111e+02	5.07340e-02	9.10000e-01
1.31867e+02	5.11457e-02	9.10000e-01
1.32616e+02	5.15575e-02	9.10000e-01
1.33373e+02	5.19692e-02	9.10000e-01
1.34005e+02	5.23173e-02	9.10000e-01
1.34881e+02	5.27927e-02	9.10000e-01
1.35641e+02	5.32045e-02	9.10000e-01
1.36331e+02	5.35817e-02	9.10000e-01
1.37151e+02	5.40280e-02	9.10000e-01
1.37899e+02	5.44397e-02	9.10000e-01
1.38652e+02	5.48515e-02	9.10000e-01
1.39406e+02	5.52633e-02	9.10000e-01
1.40165e+02	5.56750e-02	9.10000e-01
1.40916e+02	5.60868e-02	9.10000e-01
1.41672e+02	5.64985e-02	9.10000e-01
1.42427e+02	5.69103e-02	9.10000e-01
1.43182e+02	5.73220e-02	9.10000e-01
1.43941e+02	5.77338e-02	9.10000e-01
1.44702e+02	5.81455e-02	9.10000e-01
1.45470e+02	5.85573e-02	9.10000e-01
1.46226e+02	5.89690e-02	9.10000e-01
1.46975e+02	5.93808e-02	9.10000e-01
1.47739e+02	5.97925e-02	9.10000e-01
1.48507e+02	6.02043e-02	9.10000e-01
1.49275e+02	6.06161e-02	9.10000e-01
1.50046e+02	6.10278e-02	9.10000e-01
1.50814e+02	6.14396e-02	9.10000e-01
1.51588e+02	6.18513e-02	9.10000e-01
1.52355e+02	6.22631e-02	9.10000e-01
1.53134e+02	6.26748e-02	9.10000e-01
1.53776e+02	6.30200e-02	9.10000e-01
1.54674e+02	6.34983e-02	9.10000e-01
1.55448e+02	6.39101e-02	9.10000e-01
1.56102e+02	6.42535e-02	9.10000e-01
1.57016e+02	6.47336e-02	9.10000e-01
1.57802e+02	6.51453e-02	9.10000e-01
1.58583e+02	6.55571e-02	9.10000e-01
1.59368e+02	6.59689e-02	9.10000e-01
1.60160e+02	6.63806e-02	9.10000e-01
1.60954e+02	6.67924e-02	9.10000e-01
1.61754e+02	6.72041e-02	9.10000e-01
1.62544e+02	6.76159e-02	9.10000e-01
1.63341e+02	6.80276e-02	9.10000e-01
1.64136e+02	6.84394e-02	9.10000e-01
1.64984e+02	6.88511e-02	9.10000e-01
1.65795e+02	6.92629e-02	9.10000e-01
1.66568e+02	6.96565e-02	9.10000e-01
1.67409e+02	7.00864e-02	9.10000e-01
1.68339e+02	7.04981e-02	9.10000e-01
1.69279e+02	7.09099e-02	9.10000e-01
1.70057e+02	7.12969e-02	9.10000e-01
1.70918e+02	7.17334e-02	9.10000e-01
1.71605e+02	7.21452e-02	9.10000e-01
1.72378e+02	7.25569e-02	9.10000e-01
1.73211e+02	7.29687e-02	9.10000e-01
1.74173e+02	7.33804e-02	9.10000e-01
1.75261e+02	7.37922e-02	9.10000e-01
1.76164e+02	7.42039e-02	9.10000e-01
1.77035e+02	7.46061e-02	9.10000e-01
1.77942e+02	7.50274e-02	9.10000e-01
1.78842e+02	7.54392e-02	9.10000e-01
1.79739e+02	7.58509e-02	9.10000e-01
1.80524e+02	7.62056e-02	9.10000e-01
1.81579e+02	7.66745e-02	9.10000e-01
1.82497e+02	7.70862e-02	9.10000e-01
1.83427e+02	7.74980e-02	9.10000e-01
1.84358e+02	7.79097e-02	9.10000e-01
1.85176e+02	7.82664e-02	9.10000e-01
1.86252e+02	7.87332e-02	9.10000e-01
1.87221e+02	7.91450e-02	9.10000e-01
1.88185e+02	7.95567e-02	9.10000e-01
1.89156e+02	7.99685e-02	9.10000e-01
1.90139e+02	8.03802e-02	9.10000e-01
1.90991e+02	8.07393e-02	9.10000e-01
1.92118e+02	8.12037e-02	9.10000e-01
1.93128e+02	8.16155e-02	9.10000e-01
1.94141e+02	8.20273e-02	9.10000e-01
1.95165e+02	8.24390e-02	9.10000e-01
1.96196e+02	8.28508e-02	9.10000e-01
1.97238e+02	8.32625e-02	9.10000e-01
1.98290e+02	8.36743e-02	9.10000e-01
1.99131e+02	8.40071e-02	9.10000e-01
2.00294e+02	8.44320e-02	9.10000e-01
2.01457e+02	8.48504e-02	9.10000e-01
2.02620e+02	8.52718e-02	9.10000e-01
2.03783e+02	8.56907e-02	9.10000e-01
2.04946e+02	8.61078e-02	9.10000e-01
2.06109e+02	8.65152e-02	9.10000e-01
2.07272e+02	8.69220e-02	9.10000e-01
2.08435e+02	8.73207e-02	9.10000e-01
2.09598e+02	8.77288e-02	9.10000e-01
2.10761e+02	8.81138e-02	9.10000e-01
2.11924e+02	8.84961e-02	9.10000e-01
2.13087e+02	8.88777e-02	9.10000e-01
2.14250e+02	8.92584e-02	9.10000e-01
2.15413e+02	8.96345e-02	9.10000e-01
2.16576e+02	9.00073e-02	9.10000e-01
2.17739e+02	9.03792e-02	9.10000e-01
2.18664e+02	9.06741e-02	9.10000e-01
2.19960e+02	9.10858e-02	9.10000e-01
2.21228e+02	9.14681e-02	9.10000e-01
2.22391e+02	9.18219e-02	9.10000e-01
2.23554e+02	9.21761e-02	9.10000e-01
2.24717e+02	9.25258e-02	9.10000e-01
2.25880e+02	9.28726e-02	9.10000e-01
2.26792e+02	9.31446e-02	9.10000e-01
2.28206e+02	9.35525e-02	9.10000e-01
2.29369e+02	9.38860e-02	9.10000e-01
2.30532e+02	9.42198e-02	9.10000e-01
2.31695e+02	9.45549e-02	9.10000e-01
2.32858e+02	9.48840e-02	9.10000e-01
2.33984e+02	9.52034e-02	9.10000e-01
2.35184e+02	9.55386e-02	9.10000e-01
2.36347e+02	9.58574e-02	9.10000e-01
2.37510e+02	9.61676e-02	9.10000e-01
2.38497e+02	9.64386e-02	9.10000e-01
2.39835e+02	9.68062e-02	9.10000e-01
2.40998e+02	9.71224e-02	9.10000e-01
2.42161e+02	9.74367e-02	9.10000e-01
2.43324e+02	9.77498e-02	9.10000e-01
2.44487e+02	9.80504e-02	9.10000e-01
2.45650e+02	9.83777e-02	9.10000e-01
2.46813e+02	9.87119e-02	9.10000e-01
2.47976e+02	9.89637e-02	9.10000e-01
2.49139e+02	9.92502e-02	9.10000e-01
2.50302e+02	9.95522e-02	9.10000e-01
2.51465e+02	9.99001e-02	9.10000e-01
2.52628e+02	1.00236e-01	9.10000e-01
2.53791e+02	1.00535e-01	9.10000e-01
2.54954e+02	1.00752e-01	9.10000e-01
2.55996e+02	1.00968e-01	9.10000e-01
2.57280e+02	1.01285e-01	9.10000e-01
2.58443e+02	1.01596e-01	9.10000e-01
2.59606e+02	1.01888e-01	9.10000e-01
2.60608e+02	1.02203e-01	9.10000e-01
2.61932e+02	1.02595e-01	9.10000e-01
2.63095e+02	1.02861e-01	9.10000e-01
2.64258e+02	1.03021e-01	9.10000e-01
2.65421e+02	1.03300e-01	9.10000e-01
2.66584e+02	1.03705e-01	9.10000e-01
2.67747e+02	1.04021e-01	9.10000e-01
2.68761e+02	1.04262e-01	9.10000e-01
2.70073e+02	1.04581e-01	9.10000e-01
2.71236e+02	1.04888e-01	9.10000e-01
3.05007e+01	5.78099e-03	1.07000e+00
3.16636e+01	6.02248e-03	1.07000e+00
3.28266e+01	6.25785e-03	1.07000e+00
3.39896e+01	6.50325e-03	1.07000e+00
3.51525e+01	6.74783e-03	1.07000e+00
3.63155e+01	6.99148e-03	1.07000e+00
3.74785e+01	7.23847e-03	1.07000e+00
3.86415e+01	7.48271e-03	1.07000e+00
3.98044e+01	7.73715e-03	1.07000e+00
4.09674e+01	7.98768e-03	1.07000e+00
4.21304e+01	8.24048e-03	1.07000e+00
4.32933e+01	8.49665e-03	1.07000e+00
4.43875e+01	8.73508e-03	1.07000e+00
4.56193e+01	9.01424e-03	1.07000e+00
4.67823e+01	9.27278e-03	1.07000e+00
4.79452e+01	9.53459e-03	1.07000e+00
4.91082e+01	9.80287e-03	1.07000e+00
5.02712e+01	1.00679e-02	1.07000e+00
5.14341e+01	1.03364e-02	1.07000e+00
5.25971e+01	1.06087e-02	1.07000e+00
5.37601e+01	1.08793e-02	1.07000e+00
5.49231e+01	1.11541e-02	1.07000e+00
5.60860e+01	1.14334e-02	1.07000e+00
5.72490e+01	1.17108e-02	1.07000e+00
5.84120e+01	1.19918e-02	1.07000e+00
5.95749e+01	1.22762e-02	1.07000e+00
6.07379e+01	1.25626e-02	1.07000e+00
6.19009e+01	1.28477e-02	1.07000e+00
6.30639e+01	1.31395e-02	1.07000e+00
6.42268e+01	1.34340e-02	1.07000e+00
6.51965e+01	1.36761e-02	1.07000e+00
6.65528e+01	1.40245e-02	1.07000e+00
6.77157e+01	1.43262e-02	1.07000e+00
6.88787e+01	1.46271e-02	1.07000e+00
6.99701e+01	1.49114e-02	1.07000e+00
7.12047e+01	1.52394e-02	1.07000e+00
7.23676e+01	1.55516e-02	1.07000e+00
7.35306e+01	1.58622e-02	1.07000e+00
7.45948e+01	1.61466e-02	1.07000e+00
7.58565e+01	1.64928e-02	1.07000e+00
7.70195e+01	1.68134e-02	1.07000e+00
7.81825e+01	1.71361e-02	1.07000e+00
7.93455e+01	1.74602e-02	1.07000e+00
8.05084e+01	1.77871e-02	1.07000e+00
8.16714e+01	1.81213e-02	1.07000e+00
8.28344e+01	1.84550e-02	1.07000e+00
8.39973e+01	1.87909e-02	1.07000e+00
8.51603e+01	1.91271e-02	1.07000e+00
8.62417e+01	1.94407e-02	1.07000e+00
8.74862e+01	1.98107e-02	1.07000e+00
8.86492e+01	2.01598e-02	1.07000e+00
8.98122e+01	2.05096e-02	1.07000e+00
9.09752e+01	2.08608e-02	1.07000e+00
9.21381e+01	2.12148e-02	1.07000e+00
9.30710e+01	2.14994e-02	1.07000e+00
9.44008e+01	2.19112e-02	1.07000e+00
9.56270e+01	2.22953e-02	1.07000e+00
9.67900e+01	2.26631e-02	1.07000e+00
9.79530e+01	2.30311e-02	1.07000e+00
9.91160e+01	2.34024e-02	1.07000e+00
1.00279e+02	2.37784e-02	1.07000e+00
1.01442e+02	2.41563e-02	1.07000e+00
1.02605e+02	2.45352e-02	1.07000e+00
1.03768e+02	2.49166e-02	1.07000e+00
1.04645e+02	2.52052e-02	1.07000e+00
1.05885e+02	2.56170e-02	1.07000e+00
1.07112e+02	2.60287e-02	1.07000e+00
1.08332e+02	2.64405e-02	1.07000e+00
1.09538e+02	2.68522e-02	1.07000e+00
1.10738e+02	2.72640e-02	1.07000e+00
1.11909e+02	2.76682e-02	1.07000e+00
1.13072e+02	2.80719e-02	1.07000e+00
1.14235e+02	2.84783e-02	1.07000e+00
1.15398e+02	2.88873e-02	1.07000e+00
1.16561e+02	2.92966e-02	1.07000e+00
1.17723e+02	2.97125e-02	1.07000e+00
1.18886e+02	3.01295e-02	1.07000e+00
1.20049e+02	3.05476e-02	1.07000e+00
1.21212e+02	3.09679e-02	1.07000e+00
1.22347e+02	3.13815e-02	1.07000e+00
1.23471e+02	3.17933e-02	1.07000e+00
1.24594e+02	3.22050e-02	1.07000e+00
1.25708e+02	3.26168e-02	1.07000e+00
1.26815e+02	3.30286e-02	1.07000e+00
1.27918e+02	3.34403e-02	1.07000e+00
1.29016e+02	3.38521e-02	1.07000e+00
1.30111e+02	3.42638e-02	1.07000e+00
1.31201e+02	3.46756e-02	1.07000e+00
1.32282e+02	3.50873e-02	1.07000e+00
1.33359e+02	3.54991e-02	1.07000e+00
1.34436e+02	3.59108e-02	1.07000e+00
1.35512e+02	3.63226e-02	1.07000e+00
1.36331e+02	3.66367e-02	1.07000e+00
1.37494e+02	3.70866e-02	1.07000e+00
1.38657e+02	3.75368e-02	1.07000e+00
1.39774e+02	3.79696e-02	1.07000e+00
1.40833e+02	3.83813e-02	1.07000e+00
1.41880e+02	3.87931e-02	1.07000e+00
1.42929e+02	3.92049e-02	1.07000e+00
1.43976e+02	3.96166e-02	1.07000e+00
1.45025e+02	4.00284e-02	1.07000e+00
1.46060e+02	4.04401e-02	1.07000e+00
1.47099e+02	4.08519e-02	1.07000e+00
1.47961e+02	4.11935e-02	1.07000e+00
1.49124e+02	4.16523e-02	1.07000e+00
1.50220e+02	4.20871e-02	1.07000e+00
1.51255e+02	4.24989e-02	1.07000e+00
1.52283e+02	4.29106e-02	1.07000e+00
1.53308e+02	4.33224e-02	1.07000e+00
1.54334e+02	4.37341e-02	1.07000e+00
1.55361e+02	4.41459e-02	1.07000e+00
1.56409e+02	4.45577e-02	1.07000e+00
1.57265e+02	4.48754e-02	1.07000e+00
1.58427e+02	4.53651e-02	1.07000e+00
1.59522e+02	4.57929e-02	1.07000e+00
1.60597e+02	4.62047e-02	1.07000e+00
1.61521e+02	4.66164e-02	1.07000e+00
1.62639e+02	4.70282e-02	1.07000e+00
1.63745e+02	4.74399e-02	1.07000e+00
1.64776e+02	4.78517e-02	1.07000e+00
1.65787e+02	4.82634e-02	1.07000e+00
1.66858e+02	4.86752e-02	1.07000e+00
1.67731e+02	4.90162e-02	1.07000e+00
1.68894e+02	4.94734e-02	1.07000e+00
1.70017e+02	4.99105e-02	1.07000e+00
1.71070e+02	5.03222e-02	1.07000e+00
1.72126e+02	5.07340e-02	1.07000e+00
1.73174e+02	5.11457e-02	1.07000e+00
1.74231e+02	5.15575e-02	1.07000e+00
1.75292e+02	5.19692e-02	1.07000e+00
1.76356e+02	5.23810e-02	1.07000e+00
1.77416e+02	5.27927e-02	1.07000e+00
1.78484e+02	5.32045e-02	1.07000e+00
1.79361e+02	5.35402e-02	1.07000e+00
1.80524e+02	5.39863e-02	1.07000e+00
1.81687e+02	5.44300e-02	1.07000e+00
1.82796e+02	5.48515e-02	1.07000e+00
1.83882e+02	5.52633e-02	1.07000e+00
1.84976e+02	5.56750e-02	1.07000e+00
1.86069e+02	5.60868e-02	1.07000e+00
1.87162e+02	5.64985e-02	1.07000e+00
1.88265e+02	5.69103e-02	1.07000e+00
1.89370e+02	5.73220e-02	1.07000e+00
1.90483e+02	5.77338e-02	1.07000e+00
1.91604e+02	5.81455e-02	1.07000e+00
1.92718e+02	5.85573e-02	1.07000e+00
1.93845e+02	5.89690e-02	1.07000e+00
1.94983e+02	5.93808e-02	1.07000e+00
1.96113e+02	5.97925e-02	1.07000e+00
1.97253e+02	6.02043e-02	1.07000e+00
1.98400e+02	6.06161e-02	1.07000e+00
1.99560e+02	6.10278e-02	1.07000e+00
2.00717e+02	6.14396e-02	1.07000e+00
2.01880e+02	6.18513e-02	1.07000e+00
2.03050e+02	6.22631e-02	1.07000e+00
2.04234e+02	6.26748e-02	1.07000e+00
2.05406e+02	6.30866e-02	1.07000e+00
2.06595e+02	6.34983e-02	1.07000e+00
2.07798e+02	6.39101e-02	1.07000e+00
2.09005e+02	6.43218e-02	1.07000e+00
2.10219e+02	6.47336e-02	1.07000e+00
2.11438e+02	6.51453e-02	1.07000e+00
2.12660e+02	6.55571e-02	1.07000e+00
2.13880e+02	6.59689e-02	1.07000e+00
2.15114e+02	6.63806e-02	1.07000e+00
2.16361e+02	6.67924e-02	1.07000e+00
2.17619e+02	6.72041e-02	1.07000e+00
2.18882e+02	6.76159e-02	1.07000e+00
2.20065e+02	6.80031e-02	1.07000e+00
2.21228e+02	6.83809e-02	1.07000e+00
2.22391e+02	6.87557e-02	1.07000e+00
2.23554e+02	6.91238e-02	1.07000e+00
2.24717e+02	6.94922e-02	1.07000e+00
2.25880e+02	6.98590e-02	1.07000e+00
2.27043e+02	7.02258e-02	1.07000e+00
2.27916e+02	7.04981e-02	1.07000e+00
2.29238e+02	7.09099e-02	1.07000e+00
2.30532e+02	7.13152e-02	1.07000e+00
2.31695e+02	7.16690e-02	1.07000e+00
2.32858e+02	7.20240e-02	1.07000e+00
2.34021e+02	7.23800e-02	1.07000e+00
2.35184e+02	7.27319e-02	1.07000e+00
2.36347e+02	7.30820e-02	1.07000e+00
2.37339e+02	7.33804e-02	1.07000e+00
2.38672e+02	7.37785e-02	1.07000e+00
2.39835e+02	7.41255e-02	1.07000e+00
2.40998e+02	7.44702e-02	1.07000e+00
2.42161e+02	7.48092e-02	1.07000e+00
2.43324e+02	7.51477e-02	1.07000e+00
2.44323e+02	7.54392e-02	1.07000e+00
2.45650e+02	7.58232e-02	1.07000e+00
2.46813e+02	7.61589e-02	1.07000e+00
2.47976e+02	7.64917e-02	1.07000e+00
2.49139e+02	7.68192e-02	1.07000e+00
2.50081e+02	7.70862e-02	1.07000e+00
2.51465e+02	7.74849e-02	1.07000e+00
2.52628e+02	7.78459e-02	1.07000e+00
2.53791e+02	7.81629e-02	1.07000e+00
2.54954e+02	7.84579e-02	1.07000e+00
2.55953e+02	7.87332e-02	1.07000e+00
2.57280e+02	7.91045e-02	1.07000e+00
2.58443e+02	7.94271e-02	1.07000e+00
2.59606e+02	7.97460e-02	1.07000e+00
2.60769e+02	8.00789e-02	1.07000e+00
2.61738e+02	8.03802e-02	1.07000e+00
2.63095e+02	8.07063e-02	1.07000e+00
2.64258e+02	8.10005e-02	1.07000e+00
2.65421e+02	8.13092e-02	1.07000e+00
2.66575e+02	8.16155e-02	1.07000e+00
2.67747e+02	8.19538e-02	1.07000e+00
2.68910e+02	8.23263e-02	1.07000e+00
2.70073e+02	8.26392e-02	1.07000e+00
2.71236e+02	8.29218e-02	1.07000e+00
2.72399e+02	8.31725e-02	1.07000e+00
2.73562e+02	8.35216e-02	1.07000e+00
2.74725e+02	8.38607e-02	1.07000e+00
2.75888e+02	8.41725e-02	1.07000e+00
2.77051e+02	8.44255e-02	1.07000e+00
2.78214e+02	8.46772e-02	1.07000e+00
2.79376e+02	8.50602e-02	1.07000e+00
2.80466e+02	8.53213e-02	1.07000e+00
2.81702e+02	8.55769e-02	1.07000e+00
2.82865e+02	8.59437e-02	1.07000e+00
2.84028e+02	8.62810e-02	1.07000e+00
2.85090e+02	8.65565e-02	1.07000e+00
2.86354e+02	8.68754e-02	1.07000e+00
2.87517e+02	8.71228e-02	1.07000e+00
2.88680e+02	8.73213e-02	1.07000e+00
2.89843e+02	8.76895e-02	1.07000e+00
2.91006e+02	8.80424e-02	1.07000e+00
2.92169e+02	8.83434e-02	1.07000e+00
2.93237e+02	8.86153e-02	1.07000e+00
2.94495e+02	8.89323e-02	1.07000e+00
2.95658e+02	8.92218e-02	1.07000e+00
2.96821e+02	8.95101e-02	1.07000e+00
2.97984e+02	8.98023e-02	1.07000e+00
2.99147e+02	9.00855e-02	1.07000e+00
3.00310e+02	9.03753e-02	1.07000e+00
3.01473e+02	9.06591e-02	1.07000e+00
3.02636e+02	9.09491e-02	1.07000e+00
3.03799e+02	9.12344e-02	1.07000e+00
3.04871e+02	9.14976e-02	1.07000e+00
3.06125e+02	9.18054e-02	1.07000e+00
3.07288e+02	9.20870e-02	1.07000e+00
3.08256e+02	9.23211e-02	1.07000e+00
3.09614e+02	9.26477e-02	1.07000e+00
3.10777e+02	9.29308e-02	1.07000e+00
3.11940e+02	9.32132e-02	1.07000e+00
3.13103e+02	9.34672e-02	1.07000e+00
3.14266e+02	9.36034e-02	1.07000e+00
3.15429e+02	9.37939e-02	1.07000e+00
3.16592e+02	9.40788e-02	1.07000e+00
3.17434e+02	9.43799e-02	1.07000e+00
3.18562e+02	9.47916e-02	1.07000e+00
3.20080e+02	9.51669e-02	1.07000e+00
3.21243e+02	9.53330e-02	1.07000e+00
3.22406e+02	9.54889e-02	1.07000e+00
3.23569e+02	9.57299e-02	1.07000e+00
3.24585e+02	9.60269e-02	1.07000e+00
3.25573e+02	9.64386e-02	1.07000e+00
3.27058e+02	9.68248e-02	1.07000e+00
3.28221e+02	9.71015e-02	1.07000e+00
3.05007e+01	4.05988e-03	1.27000e+00
3.16636e+01	4.21900e-03	1.27000e+00
3.28266e+01	4.39195e-03	1.27000e+00
3.39896e+01	4.55505e-03	1.27000e+00
3.51525e+01	4.72708e-03	1.27000e+00
3.63155e+01	4.89522e-03	1.27000e+00
3.74785e+01	5.06104e-03	1.27000e+00
3.86415e+01	5.23719e-03	1.27000e+00
3.98044e+01	5.40578e-03	1.27000e+00
4.09674e+01	5.58103e-03	1.27000e+00
4.21304e+01	5.75444e-03	1.27000e+00
4.32933e+01	5.92888e-03	1.27000e+00
4.44563e+01	6.10776e-03	1.27000e+00
4.56193e+01	6.28233e-03	1.27000e+00
4.67823e+01	6.46430e-03	1.27000e+00
4.79452e+01	6.64133e-03	1.27000e+00
4.91082e+01	6.82479e-03	1.27000e+00
5.02712e+01	7.00590e-03	1.27000e+00
5.14341e+01	7.19068e-03	1.27000e+00
5.25971e+01	7.37590e-03	1.27000e+00
5.37601e+01	7.56009e-03	1.27000e+00
5.49231e+01	7.74955e-03	1.27000e+00
5.60860e+01	7.93637e-03	1.27000e+00
5.72490e+01	8.12914e-03	1.27000e+00
5.84120e+01	8.31788e-03	1.27000e+00
5.95749e+01	8.51169e-03	1.27000e+00
6.07379e+01	8.70505e-03	1.27000e+00
6.19009e+01	8.90293e-03	1.27000e+00
6.30639e+01	9.09783e-03	1.27000e+00
6.42268e+01	9.29829e-03	1.27000e+00
6.53898e+01	9.49724e-03	1.27000e+00
6.65528e+01	9.69971e-03	1.27000e+00
6.77157e+01	9.90245e-03	1.27000e+00
6.88787e+01	1.01086e-02	1.27000e+00
7.00417e+01	1.03150e-02	1.27000e+00
7.12047e+01	1.05223e-02	1.27000e+00
7.23676e+01	1.07322e-02	1.27000e+00
7.35306e+01	1.09432e-02	1.27000e+00
7.46936e+01	1.11557e-02	1.27000e+00
7.58565e+01	1.13708e-02	1.27000e+00
7.70195e+01	1.15851e-02	1.27000e+00
7.81825e+01	1.18050e-02	1.27000e+00
7.93455e+01	1.20236e-02	1.27000e+00
8.05084e+01	1.22458e-02	1.27000e+00
8.16714e+01	1.24707e-02	1.27000e+00
8.28344e+01	1.26946e-02	1.27000e+00
8.39973e+01	1.29212e-02	1.27000e+00
8.51603e+01	1.31501e-02	1.27000e+00
8.63233e+01	1.33798e-02	1.27000e+00
8.74862e+01	1.36118e-02	1.27000e+00
8.86492e+01	1.38468e-02	1.27000e+00
8.98122e+01	1.40819e-02	1.27000e+00
9.09752e+01	1.43203e-02	1.27000e+00
9.21381e+01	1.45605e-02	1.27000e+00
9.33011e+01	1.48023e-02	1.27000e+00
9.44641e+01	1.50453e-02	1.27000e+00
9.56270e+01	1.52913e-02	1.27000e+00
9.67900e+01	1.55391e-02	1.27000e+00
9.79530e+01	1.57870e-02	1.27000e+00
9.91160e+01	1.60387e-02	1.27000e+00
1.00279e+02	1.62927e-02	1.27000e+00
1.01442e+02	1.65484e-02	1.27000e+00
1.02605e+02	1.68061e-02	1.27000e+00
1.03768e+02	1.70663e-02	1.27000e+00
1.04931e+02	1.73277e-02	1.27000e+00
1.06094e+02	1.75897e-02	1.27000e+00
1.07257e+02	1.78560e-02	1.27000e+00
1.08420e+02	1.81235e-02	1.27000e+00
1.09583e+02	1.83933e-02	1.27000e+00
1.10746e+02	1.86648e-02	1.27000e+00
1.11909e+02	1.89383e-02	1.27000e+00
1.13072e+02	1.92153e-02	1.27000e+00
1.14235e+02	1.94934e-02	1.27000e+00
1.15398e+02	1.97735e-02	1.27000e+00
1.16561e+02	2.00535e-02	1.27000e+00
1.17723e+02	2.03379e-02	1.27000e+00
1.18886e+02	2.06248e-02	1.27000e+00
1.20049e+02	2.09132e-02	1.27000e+00
1.21212e+02	2.12028e-02	1.27000e+00
1.22375e+02	2.14947e-02	1.27000e+00
1.23538e+02	2.17906e-02	1.27000e+00
1.24701e+02	2.20870e-02	1.27000e+00
1.25864e+02	2.23846e-02	1.27000e+00
1.27027e+02	2.26850e-02	1.27000e+00
1.28190e+02	2.29878e-02	1.27000e+00
1.29353e+02	2.32918e-02	1.27000e+00
1.30367e+02	2.35582e-02	1.27000e+00
1.31679e+02	2.39067e-02	1.27000e+00
1.32842e+02	2.42188e-02	1.27000e+00
1.34005e+02	2.45322e-02	1.27000e+00
1.34980e+02	2.47935e-02	1.27000e+00
1.36331e+02	2.51604e-02	1.27000e+00
1.37494e+02	2.54796e-02	1.27000e+00
1.38657e+02	2.57999e-02	1.27000e+00
1.39820e+02	2.61218e-02	1.27000e+00
1.40966e+02	2.64405e-02	1.27000e+00
1.42146e+02	2.67730e-02	1.27000e+00
1.43309e+02	2.70999e-02	1.27000e+00
1.44472e+02	2.74281e-02	1.27000e+00
1.45635e+02	2.77603e-02	1.27000e+00
1.46773e+02	2.80875e-02	1.27000e+00
1.47961e+02	2.84287e-02	1.27000e+00
1.49124e+02	2.87646e-02	1.27000e+00
1.50287e+02	2.91025e-02	1.27000e+00
1.51450e+02	2.94431e-02	1.27000e+00
1.52442e+02	2.97345e-02	1.27000e+00
1.53776e+02	3.01299e-02	1.27000e+00
1.54939e+02	3.04745e-02	1.27000e+00
1.56102e+02	3.08210e-02	1.27000e+00
1.57265e+02	3.11530e-02	1.27000e+00
1.58427e+02	3.14931e-02	1.27000e+00
1.59373e+02	3.17933e-02	1.27000e+00
1.60753e+02	3.22026e-02	1.27000e+00
1.61916e+02	3.25390e-02	1.27000e+00
1.63079e+02	3.28881e-02	1.27000e+00
1.64242e+02	3.32408e-02	1.27000e+00
1.65405e+02	3.35933e-02	1.27000e+00
1.66568e+02	3.39477e-02	1.27000e+00
1.67606e+02	3.42638e-02	1.27000e+00
1.68894e+02	3.46576e-02	1.27000e+00
1.70057e+02	3.50136e-02	1.27000e+00
1.71220e+02	3.54152e-02	1.27000e+00
1.72383e+02	3.57561e-02	1.27000e+00
1.73546e+02	3.61076e-02	1.27000e+00
1.74709e+02	3.65063e-02	1.27000e+00
1.75872e+02	3.68497e-02	1.27000e+00
1.76713e+02	3.71461e-02	1.27000e+00
1.78198e+02	3.75240e-02	1.27000e+00
1.79361e+02	3.78852e-02	1.27000e+00
1.80524e+02	3.82464e-02	1.27000e+00
1.81687e+02	3.86069e-02	1.27000e+00
1.82850e+02	3.90720e-02	1.27000e+00
1.84013e+02	3.93969e-02	1.27000e+00
1.85176e+02	3.96910e-02	1.27000e+00
1.86261e+02	4.00284e-02	1.27000e+00
1.87502e+02	4.04135e-02	1.27000e+00
1.88665e+02	4.07736e-02	1.27000e+00
1.89828e+02	4.11356e-02	1.27000e+00
1.90991e+02	4.14964e-02	1.27000e+00
1.92154e+02	4.18570e-02	1.27000e+00
1.93317e+02	4.22181e-02	1.27000e+00
1.94227e+02	4.24989e-02	1.27000e+00
1.95552e+02	4.29106e-02	1.27000e+00
1.96806e+02	4.32985e-02	1.27000e+00
1.97969e+02	4.36566e-02	1.27000e+00
1.99131e+02	4.40149e-02	1.27000e+00
2.00294e+02	4.43731e-02	1.27000e+00
2.01457e+02	4.47313e-02	1.27000e+00
2.02620e+02	4.50883e-02	1.27000e+00
2.03579e+02	4.53812e-02	1.27000e+00
2.04918e+02	4.57929e-02	1.27000e+00
2.06109e+02	4.61568e-02	1.27000e+00
2.07272e+02	4.65103e-02	1.27000e+00
2.08435e+02	4.68639e-02	1.27000e+00
2.09598e+02	4.72177e-02	1.27000e+00
2.10761e+02	4.75715e-02	1.27000e+00
2.11688e+02	4.78517e-02	1.27000e+00
2.13054e+02	4.82634e-02	1.27000e+00
2.14250e+02	4.86244e-02	1.27000e+00
2.15413e+02	4.89733e-02	1.27000e+00
2.16576e+02	4.93221e-02	1.27000e+00
2.17739e+02	4.96697e-02	1.27000e+00
2.18902e+02	5.00176e-02	1.27000e+00
2.19929e+02	5.03222e-02	1.27000e+00
2.21228e+02	5.07056e-02	1.27000e+00
2.22391e+02	5.10492e-02	1.27000e+00
2.23554e+02	5.13927e-02	1.27000e+00
2.24717e+02	5.17347e-02	1.27000e+00
2.25880e+02	5.20771e-02	1.27000e+00
2.26921e+02	5.23810e-02	1.27000e+00
2.28206e+02	5.27569e-02	1.27000e+00
2.29369e+02	5.30943e-02	1.27000e+00
2.30532e+02	5.34301e-02	1.27000e+00
2.31695e+02	5.37674e-02	1.27000e+00
2.32599e+02	5.40280e-02	1.27000e+00
2.34021e+02	5.44366e-02	1.27000e+00
2.35184e+02	5.47707e-02	1.27000e+00
2.36347e+02	5.51035e-02	1.27000e+00
2.37510e+02	5.54337e-02	1.27000e+00
2.38672e+02	5.57646e-02	1.27000e+00
2.39809e+02	5.60868e-02	1.27000e+00
2.40998e+02	5.64216e-02	1.27000e+00
2.42161e+02	5.67483e-02	1.27000e+00
2.43324e+02	5.70737e-02	1.27000e+00
2.44487e+02	5.73981e-02	1.27000e+00
2.45650e+02	5.77231e-02	1.27000e+00
2.46813e+02	5.80462e-02	1.27000e+00
2.47976e+02	5.83706e-02	1.27000e+00
2.49139e+02	5.86910e-02	1.27000e+00
2.50149e+02	5.89690e-02	1.27000e+00
2.51465e+02	5.93309e-02	1.27000e+00
2.52628e+02	5.96489e-02	1.27000e+00
2.53791e+02	5.99660e-02	1.27000e+00
2.54954e+02	6.02831e-02	1.27000e+00
2.56117e+02	6.05978e-02	1.27000e+00
2.57280e+02	6.09123e-02	1.27000e+00
2.58443e+02	6.12258e-02	1.27000e+00
2.59606e+02	6.15388e-02	1.27000e+00
2.60708e+02	6.18513e-02	1.27000e+00
2.61932e+02	6.21919e-02	1.27000e+00
2.63095e+02	6.24925e-02	1.27000e+00
2.64258e+02	6.28007e-02	1.27000e+00
2.65296e+02	6.30866e-02	1.27000e+00
2.66584e+02	6.34231e-02	1.27000e+00
2.67747e+02	6.37258e-02	1.27000e+00
2.68910e+02	6.40341e-02	1.27000e+00
2.70004e+02	6.43218e-02	1.27000e+00
2.71236e+02	6.46207e-02	1.27000e+00
2.72399e+02	6.49201e-02	1.27000e+00
2.73562e+02	6.52234e-02	1.27000e+00
2.74725e+02	6.55553e-02	1.27000e+00
2.75888e+02	6.58566e-02	1.27000e+00
2.77051e+02	6.61862e-02	1.27000e+00
2.78214e+02	6.64879e-02	1.27000e+00
2.79376e+02	6.67571e-02	1.27000e+00
2.80539e+02	6.70901e-02	1.27000e+00
2.81702e+02	6.73969e-02	1.27000e+00
2.82865e+02	6.76784e-02	1.27000e+00
2.84028e+02	6.79548e-02	1.27000e+00
2.85191e+02	6.82723e-02	1.27000e+00
2.86354e+02	6.85432e-02	1.27000e+00
2.87517e+02	6.88378e-02	1.27000e+00
2.88680e+02	6.91071e-02	1.27000e+00
2.89843e+02	6.94465e-02	1.27000e+00
2.91006e+02	6.97723e-02	1.27000e+00
2.92169e+02	7.00225e-02	1.27000e+00
2.93332e+02	7.03100e-02	1.27000e+00
2.94495e+02	7.05999e-02	1.27000e+00
2.95559e+02	7.09099e-02	1.27000e+00
2.96821e+02	7.12362e-02	1.27000e+00
2.97984e+02	7.15281e-02	1.27000e+00
2.99147e+02	7.17772e-02	1.27000e+00
3.00310e+02	7.20560e-02	1.27000e+00
3.01473e+02	7.23948e-02	1.27000e+00
3.02636e+02	7.26873e-02	1.27000e+00
3.03766e+02	7.29687e-02	1.27000e+00
3.04962e+02	7.32072e-02	1.27000e+00
3.06125e+02	7.34856e-02	1.27000e+00
3.07288e+02	7.37706e-02	1.27000e+00
3.08451e+02	7.41158e-02	1.27000e+00
3.09614e+02	7.44113e-02	1.27000e+00
3.10777e+02	7.46970e-02	1.27000e+00
3.11940e+02	7.49816e-02	1.27000e+00
3.13103e+02	7.52667e-02	1.27000e+00
3.14266e+02	7.55513e-02	1.27000e+00
3.15429e+02	7.57784e-02	1.27000e+00
3.16592e+02	7.60462e-02	1.27000e+00
3.17755e+02	7.63726e-02	1.27000e+00
3.18918e+02	7.65954e-02	1.27000e+00
3.20080e+02	7.68765e-02	1.27000e+00
3.21243e+02	7.71705e-02	1.27000e+00
3.22405e+02	7.74980e-02	1.27000e+00
3.05007e+01	2.67074e-03	1.56000e+00
3.16636e+01	2.78062e-03	1.56000e+00
3.28266e+01	2.88437e-03	1.56000e+00
3.39896e+01	2.98597e-03	1.56000e+00
3.51525e+01	3.10402e-03	1.56000e+00
3.63155e+01	3.21374e-03	1.56000e+00
3.74785e+01	3.32005e-03	1.56000e+00
3.86415e+01	3.42888e-03	1.56000e+00
3.98044e+01	3.54505e-03	1.56000e+00
4.09674e+01	3.65668e-03	1.56000e+00
4.21304e+01	3.76373e-03	1.56000e+00
4.32933e+01	3.88005e-03	1.56000e+00
4.44563e+01	3.99675e-03	1.56000e+00
4.56193e+01	4.10984e-03	1.56000e+00
4.67823e+01	4.21915e-03	1.56000e+00
4.79452e+01	4.34171e-03	1.56000e+00
4.91082e+01	4.45870e-03	1.56000e+00
5.02712e+01	4.57219e-03	1.56000e+00
5.14341e+01	4.69232e-03	1.56000e+00
5.25971e+01	4.81377e-03	1.56000e+00
5.37601e+01	4.93167e-03	1.56000e+00
5.49231e+01	5.04809e-03	1.56000e+00
5.60860e+01	5.17505e-03	1.56000e+00
5.72490e+01	5.29671e-03	1.56000e+00
5.84120e+01	5.41531e-03	1.56000e+00
5.95749e+01	5.54149e-03	1.56000e+00
6.07379e+01	5.66708e-03	1.56000e+00
6.19009e+01	5.79060e-03	1.56000e+00
6.30639e+01	5.91705e-03	1.56000e+00
6.42268e+01	6.04666e-03	1.56000e+00
6.53898e+01	6.17364e-03	1.56000e+00
6.65528e+01	6.29972e-03	1.56000e+00
6.77157e+01	6.43434e-03	1.56000e+00
6.88787e+01	6.56505e-03	1.56000e+00
7.00417e+01	6.69338e-03	1.56000e+00
7.12047e+01	6.82967e-03	1.56000e+00
7.23676e+01	6.96384e-03	1.56000e+00
7.35306e+01	7.09491e-03	1.56000e+00
7.46936e+01	7.23497e-03	1.56000e+00
7.58565e+01	7.37197e-03	1.56000e+00
7.69667e+01	7.49981e-03	1.56000e+00
7.81825e+01	7.65009e-03	1.56000e+00
7.93455e+01	7.79025e-03	1.56000e+00
8.05084e+01	7.92793e-03	1.56000e+00
8.16714e+01	8.07584e-03	1.56000e+00
8.28344e+01	8.21797e-03	1.56000e+00
8.39973e+01	8.36067e-03	1.56000e+00
8.51603e+01	8.50957e-03	1.56000e+00
8.63233e+01	8.65487e-03	1.56000e+00
8.74862e+01	8.80247e-03	1.56000e+00
8.86492e+01	8.95505e-03	1.56000e+00
8.98122e+01	9.10332e-03	1.56000e+00
9.09752e+01	9.25744e-03	1.56000e+00
9.21381e+01	9.41134e-03	1.56000e+00
9.32848e+01	9.55858e-03	1.56000e+00
9.44641e+01	9.72197e-03	1.56000e+00
9.56270e+01	9.87733e-03	1.56000e+00
9.67900e+01	1.00355e-02	1.56000e+00
9.79530e+01	1.01973e-02	1.56000e+00
9.91160e+01	1.03550e-02	1.56000e+00
1.00279e+02	1.05202e-02	1.56000e+00
1.01442e+02	1.06853e-02	1.56000e+00
1.02605e+02	1.08479e-02	1.56000e+00
1.03768e+02	1.10173e-02	1.56000e+00
1.04931e+02	1.11806e-02	1.56000e+00
1.06094e+02	1.13543e-02	1.56000e+00
1.07257e+02	1.15237e-02	1.56000e+00
1.08420e+02	1.16958e-02	1.56000e+00
1.09583e+02	1.18711e-02	1.56000e+00
1.10660e+02	1.20291e-02	1.56000e+00
1.11909e+02	1.22234e-02	1.56000e+00
1.13072e+02	1.23992e-02	1.56000e+00
1.14235e+02	1.25815e-02	1.56000e+00
1.15398e+02	1.27604e-02	1.56000e+00
1.16561e+02	1.29431e-02	1.56000e+00
1.17723e+02	1.31281e-02	1.56000e+00
1.18886e+02	1.33121e-02	1.56000e+00
1.20049e+02	1.35018e-02	1.56000e+00
1.21150e+02	1.36761e-02	1.56000e+00
1.22375e+02	1.38816e-02	1.56000e+00
1.23538e+02	1.40694e-02	1.56000e+00
1.24701e+02	1.42676e-02	1.56000e+00
1.25864e+02	1.44592e-02	1.56000e+00
1.27027e+02	1.46591e-02	1.56000e+00
1.28190e+02	1.48555e-02	1.56000e+00
1.29353e+02	1.50572e-02	1.56000e+00
1.30516e+02	1.52574e-02	1.56000e+00
1.31679e+02	1.54624e-02	1.56000e+00
1.32842e+02	1.56664e-02	1.56000e+00
1.34005e+02	1.58755e-02	1.56000e+00
1.35168e+02	1.60807e-02	1.56000e+00
1.36331e+02	1.62930e-02	1.56000e+00
1.37494e+02	1.65026e-02	1.56000e+00
1.38657e+02	1.67187e-02	1.56000e+00
1.39820e+02	1.69313e-02	1.56000e+00
1.40983e+02	1.71506e-02	1.56000e+00
1.42146e+02	1.73661e-02	1.56000e+00
1.43309e+02	1.75909e-02	1.56000e+00
1.44399e+02	1.77937e-02	1.56000e+00
1.45635e+02	1.80365e-02	1.56000e+00
1.46798e+02	1.82606e-02	1.56000e+00
1.47961e+02	1.84895e-02	1.56000e+00
1.49124e+02	1.87172e-02	1.56000e+00
1.50287e+02	1.89485e-02	1.56000e+00
1.51450e+02	1.91820e-02	1.56000e+00
1.52613e+02	1.94131e-02	1.56000e+00
1.53776e+02	1.96530e-02	1.56000e+00
1.54939e+02	1.98875e-02	1.56000e+00
1.56102e+02	2.01298e-02	1.56000e+00
1.57265e+02	2.03685e-02	1.56000e+00
1.58427e+02	2.06036e-02	1.56000e+00
1.59590e+02	2.08506e-02	1.56000e+00
1.60753e+02	2.10871e-02	1.56000e+00
1.61916e+02	2.13424e-02	1.56000e+00
1.63079e+02	2.15866e-02	1.56000e+00
1.64242e+02	2.18447e-02	1.56000e+00
1.65405e+02	2.21070e-02	1.56000e+00
1.66510e+02	2.23230e-02	1.56000e+00
1.67731e+02	2.25969e-02	1.56000e+00
1.68894e+02	2.28516e-02	1.56000e+00
1.70057e+02	2.31298e-02	1.56000e+00
1.71220e+02	2.33887e-02	1.56000e+00
1.72383e+02	2.36237e-02	1.56000e+00
1.73546e+02	2.38862e-02	1.56000e+00
1.74709e+02	2.41512e-02	1.56000e+00
1.75742e+02	2.43817e-02	1.56000e+00
1.77035e+02	2.46793e-02	1.56000e+00
1.78198e+02	2.49468e-02	1.56000e+00
1.79338e+02	2.52052e-02	1.56000e+00
1.80524e+02	2.54841e-02	1.56000e+00
1.81687e+02	2.57552e-02	1.56000e+00
1.82850e+02	2.60219e-02	1.56000e+00
1.84013e+02	2.62992e-02	1.56000e+00
1.85176e+02	2.65733e-02	1.56000e+00
1.86339e+02	2.68443e-02	1.56000e+00
1.87502e+02	2.71255e-02	1.56000e+00
1.88665e+02	2.74015e-02	1.56000e+00
1.89826e+02	2.76758e-02	1.56000e+00
1.90991e+02	2.79589e-02	1.56000e+00
1.92154e+02	2.82393e-02	1.56000e+00
1.93242e+02	2.84993e-02	1.56000e+00
1.94480e+02	2.88021e-02	1.56000e+00
1.95643e+02	2.90852e-02	1.56000e+00
1.96628e+02	2.93228e-02	1.56000e+00
1.97969e+02	2.96522e-02	1.56000e+00
1.99131e+02	2.99387e-02	1.56000e+00
2.00294e+02	3.02228e-02	1.56000e+00
2.01457e+02	3.05091e-02	1.56000e+00
2.02620e+02	3.07982e-02	1.56000e+00
2.03783e+02	3.10850e-02	1.56000e+00
2.04946e+02	3.13702e-02	1.56000e+00
2.06109e+02	3.16626e-02	1.56000e+00
2.07272e+02	3.19528e-02	1.56000e+00
2.08292e+02	3.22050e-02	1.56000e+00
2.09598e+02	3.25341e-02	1.56000e+00
2.10761e+02	3.28266e-02	1.56000e+00
2.11924e+02	3.31160e-02	1.56000e+00
2.13087e+02	3.34054e-02	1.56000e+00
2.14250e+02	3.37000e-02	1.56000e+00
2.15413e+02	3.39934e-02	1.56000e+00
2.16499e+02	3.42638e-02	1.56000e+00
2.17739e+02	3.45772e-02	1.56000e+00
2.18902e+02	3.48705e-02	1.56000e+00
2.20065e+02	3.51620e-02	1.56000e+00
2.21228e+02	3.54559e-02	1.56000e+00
2.22391e+02	3.57517e-02	1.56000e+00
2.23554e+02	3.60457e-02	1.56000e+00
2.24657e+02	3.63226e-02	1.56000e+00
2.25880e+02	3.66319e-02	1.56000e+00
2.27043e+02	3.69272e-02	1.56000e+00
2.28206e+02	3.72199e-02	1.56000e+00
2.29369e+02	3.75135e-02	1.56000e+00
2.30532e+02	3.78101e-02	1.56000e+00
2.31695e+02	3.81035e-02	1.56000e+00
2.32805e+02	3.83813e-02	1.56000e+00
2.34021e+02	3.86910e-02	1.56000e+00
2.35184e+02	3.89856e-02	1.56000e+00
2.36347e+02	3.92779e-02	1.56000e+00
2.37510e+02	3.95709e-02	1.56000e+00
2.38672e+02	3.98658e-02	1.56000e+00
2.39835e+02	4.01583e-02	1.56000e+00
2.40970e+02	4.04401e-02	1.56000e+00
2.42161e+02	4.07430e-02	1.56000e+00
2.43324e+02	4.10378e-02	1.56000e+00
2.44487e+02	4.13288e-02	1.56000e+00
2.45650e+02	4.16206e-02	1.56000e+00
2.46813e+02	4.19145e-02	1.56000e+00
2.47976e+02	4.22054e-02	1.56000e+00
2.49139e+02	4.24934e-02	1.56000e+00
2.50302e+02	4.27880e-02	1.56000e+00
2.51465e+02	4.30800e-02	1.56000e+00
2.52447e+02	4.33224e-02	1.56000e+00
2.53791e+02	4.36585e-02	1.56000e+00
2.54954e+02	4.39504e-02	1.56000e+00
2.56117e+02	4.42398e-02	1.56000e+00
2.57280e+02	4.45262e-02	1.56000e+00
2.58443e+02	4.48207e-02	1.56000e+00
2.59606e+02	4.51175e-02	1.56000e+00
2.60673e+02	4.53812e-02	1.56000e+00
2.61932e+02	4.56898e-02	1.56000e+00
2.63095e+02	4.59710e-02	1.56000e+00
2.64258e+02	4.62569e-02	1.56000e+00
2.65421e+02	4.65535e-02	1.56000e+00
2.66584e+02	4.68447e-02	1.56000e+00
2.67747e+02	4.71182e-02	1.56000e+00
2.68910e+02	4.74009e-02	1.56000e+00
2.70073e+02	4.76892e-02	1.56000e+00
2.71236e+02	4.79750e-02	1.56000e+00
2.72368e+02	4.82634e-02	1.56000e+00
2.73562e+02	4.85587e-02	1.56000e+00
2.74725e+02	4.88303e-02	1.56000e+00
2.75719e+02	4.90869e-02	1.56000e+00
2.77051e+02	4.94224e-02	1.56000e+00
2.78214e+02	4.97100e-02	1.56000e+00
2.79376e+02	4.99903e-02	1.56000e+00
2.80539e+02	5.02590e-02	1.56000e+00
2.81702e+02	5.05345e-02	1.56000e+00
2.82865e+02	5.08359e-02	1.56000e+00
2.84028e+02	5.11237e-02	1.56000e+00
2.85191e+02	5.14000e-02	1.56000e+00
2.86354e+02	5.16553e-02	1.56000e+00
2.87517e+02	5.19266e-02	1.56000e+00
2.88680e+02	5.22244e-02	1.56000e+00
2.89843e+02	5.25325e-02	1.56000e+00
2.90915e+02	5.27927e-02	1.56000e+00
2.92169e+02	5.30851e-02	1.56000e+00
2.93332e+02	5.33329e-02	1.56000e+00
2.94427e+02	5.36162e-02	1.56000e+00
2.95658e+02	5.39389e-02	1.56000e+00
2.96821e+02	5.42195e-02	1.56000e+00
2.97984e+02	5.44969e-02	1.56000e+00
2.99147e+02	5.47588e-02	1.56000e+00
3.00310e+02	5.50029e-02	1.56000e+00
3.01323e+02	5.52633e-02	1.56000e+00
3.02636e+02	5.56109e-02	1.56000e+00
3.03799e+02	5.58907e-02	1.56000e+00
3.04962e+02	5.61628e-02	1.56000e+00
3.06125e+02	5.64402e-02	1.56000e+00
3.07288e+02	5.67144e-02	1.56000e+00
3.08451e+02	5.69496e-02	1.56000e+00
3.09614e+02	5.72150e-02	1.56000e+00
3.10777e+02	5.75355e-02	1.56000e+00
3.11940e+02	5.78207e-02	1.56000e+00
3.13103e+02	5.80980e-02	1.56000e+00
3.14266e+02	5.83800e-02	1.56000e+00
3.05007e+01	1.59611e-03	2.02000e+00
3.16636e+01	1.65406e-03	2.02000e+00
3.28266e+01	1.70871e-03	2.02000e+00
3.39896e+01	1.77227e-03	2.02000e+00
3.51525e+01	1.84446e-03	2.02000e+00
3.63155e+01	1.91111e-03	2.02000e+00
3.74785e+01	1.97648e-03	2.02000e+00
3.86415e+01	2.03839e-03	2.02000e+00
3.98044e+01	2.09787e-03	2.02000e+00
4.09674e+01	2.15686e-03	2.02000e+00
4.21304e+01	2.22998e-03	2.02000e+00
4.32933e+01	2.30027e-03	2.02000e+00
4.44563e+01	2.36816e-03	2.02000e+00
4.56193e+01	2.43435e-03	2.02000e+00
4.67823e+01	2.49673e-03	2.02000e+00
4.79452e+01	2.55715e-03	2.02000e+00
4.91082e+01	2.63190e-03	2.02000e+00
5.02712e+01	2.70419e-03	2.02000e+00
5.14341e+01	2.77468e-03	2.02000e+00
5.25971e+01	2.84274e-03	2.02000e+00
5.37601e+01	2.90845e-03	2.02000e+00
5.49231e+01	2.97284e-03	2.02000e+00
5.60860e+01	3.05007e-03	2.02000e+00
5.72490e+01	3.12344e-03	2.02000e+00
5.84120e+01	3.19683e-03	2.02000e+00
5.95749e+01	3.26584e-03	2.02000e+00
6.07379e+01	3.33508e-03	2.02000e+00
6.19009e+01	3.40534e-03	2.02000e+00
6.30639e+01	3.48368e-03	2.02000e+00
6.42268e+01	3.55970e-03	2.02000e+00
6.53898e+01	3.63480e-03	2.02000e+00
6.65528e+01	3.70719e-03	2.02000e+00
6.77157e+01	3.77902e-03	2.02000e+00
6.88787e+01	3.85735e-03	2.02000e+00
7.00417e+01	3.93758e-03	2.02000e+00
7.12047e+01	4.01494e-03	2.02000e+00
7.23676e+01	4.09195e-03	2.02000e+00
7.35306e+01	4.16676e-03	2.02000e+00
7.46936e+01	4.24499e-03	2.02000e+00
7.58565e+01	4.32851e-03	2.02000e+00
7.70195e+01	4.40991e-03	2.02000e+00
7.81825e+01	4.48989e-03	2.02000e+00
7.93455e+01	4.56905e-03	2.02000e+00
8.05084e+01	4.64815e-03	2.02000e+00
8.16714e+01	4.73664e-03	2.02000e+00
8.28344e+01	4.82084e-03	2.02000e+00
8.39973e+01	4.90422e-03	2.02000e+00
8.51603e+01	4.98578e-03	2.02000e+00
8.63233e+01	5.07019e-03	2.02000e+00
8.74862e+01	5.16044e-03	2.02000e+00
8.86492e+01	5.24787e-03	2.02000e+00
8.98122e+01	5.33543e-03	2.02000e+00
9.09752e+01	5.42016e-03	2.02000e+00
9.21381e+01	5.51041e-03	2.02000e+00
9.33011e+01	5.60302e-03	2.02000e+00
9.44641e+01	5.69375e-03	2.02000e+00
9.56270e+01	5.78329e-03	2.02000e+00
9.67900e+01	5.87250e-03	2.02000e+00
9.79530e+01	5.96932e-03	2.02000e+00
9.91160e+01	6.06421e-03	2.02000e+00
1.00279e+02	6.15774e-03	2.02000e+00
1.01442e+02	6.25039e-03	2.02000e+00
1.02605e+02	6.34950e-03	2.02000e+00
1.03768e+02	6.44767e-03	2.02000e+00
1.04931e+02	6.54550e-03	2.02000e+00
1.06094e+02	6.64130e-03	2.02000e+00
1.07257e+02	6.74137e-03	2.02000e+00
1.08420e+02	6.84476e-03	2.02000e+00
1.09583e+02	6.94700e-03	2.02000e+00
1.10746e+02	7.04694e-03	2.02000e+00
1.11909e+02	7.14961e-03	2.02000e+00
1.13072e+02	7.25744e-03	2.02000e+00
1.14235e+02	7.36316e-03	2.02000e+00
1.15398e+02	7.46594e-03	2.02000e+00
1.16561e+02	7.57374e-03	2.02000e+00
1.17723e+02	7.68445e-03	2.02000e+00
1.18886e+02	7.79332e-03	2.02000e+00
1.20049e+02	7.90030e-03	2.02000e+00
1.21212e+02	8.01344e-03	2.02000e+00
1.22375e+02	8.12813e-03	2.02000e+00
1.23538e+02	8.24061e-03	2.02000e+00
1.24701e+02	8.35153e-03	2.02000e+00
1.25864e+02	8.47091e-03	2.02000e+00
1.27027e+02	8.58778e-03	2.02000e+00
1.28190e+02	8.70310e-03	2.02000e+00
1.29353e+02	8.82260e-03	2.02000e+00
1.30516e+02	8.94474e-03	2.02000e+00
1.31679e+02	9.06510e-03	2.02000e+00
1.32842e+02	9.18418e-03	2.02000e+00
1.34005e+02	9.31235e-03	2.02000e+00
1.35168e+02	9.43641e-03	2.02000e+00
1.36331e+02	9.55794e-03	2.02000e+00
1.37494e+02	9.68867e-03	2.02000e+00
1.38657e+02	9.81774e-03	2.02000e+00
1.39820e+02	9.94457e-03	2.02000e+00
1.40983e+02	1.00757e-02	2.02000e+00
1.42146e+02	1.02108e-02	2.02000e+00
1.43309e+02	1.03411e-02	2.02000e+00
1.44472e+02	1.04753e-02	2.02000e+00
1.45635e+02	1.06148e-02	2.02000e+00
1.46798e+02	1.07492e-02	2.02000e+00
1.47961e+02	1.08874e-02	2.02000e+00
1.49124e+02	1.10295e-02	2.02000e+00
1.50287e+02	1.11688e-02	2.02000e+00
1.51450e+02	1.13109e-02	2.02000e+00
1.52613e+02	1.14571e-02	2.02000e+00
1.53776e+02	1.15975e-02	2.02000e+00
1.54939e+02	1.17457e-02	2.02000e+00
1.56102e+02	1.18944e-02	2.02000e+00
1.57265e+02	1.20406e-02	2.02000e+00
1.58427e+02	1.21941e-02	2.02000e+00
1.59590e+02	1.23466e-02	2.02000e+00
1.60753e+02	1.24974e-02	2.02000e+00
1.61916e+02	1.26565e-02	2.02000e+00
1.63079e+02	1.28093e-02	2.02000e+00
1.64242e+02	1.29680e-02	2.02000e+00
1.65405e+02	1.31285e-02	2.02000e+00
1.66568e+02	1.32855e-02	2.02000e+00
1.67731e+02	1.34509e-02	2.02000e+00
1.68894e+02	1.36140e-02	2.02000e+00
1.70057e+02	1.37768e-02	2.02000e+00
1.71220e+02	1.39464e-02	2.02000e+00
1.72383e+02	1.41103e-02	2.02000e+00
1.73546e+02	1.42830e-02	2.02000e+00
1.74709e+02	1.44525e-02	2.02000e+00
1.75872e+02	1.46246e-02	2.02000e+00
1.77035e+02	1.48005e-02	2.02000e+00
1.78198e+02	1.49730e-02	2.02000e+00
1.79361e+02	1.51528e-02	2.02000e+00
1.80498e+02	1.53231e-02	2.02000e+00
1.81687e+02	1.55098e-02	2.02000e+00
1.82850e+02	1.56901e-02	2.02000e+00
1.84013e+02	1.58731e-02	2.02000e+00
1.85176e+02	1.60585e-02	2.02000e+00
1.86339e+02	1.62413e-02	2.02000e+00
1.87502e+02	1.64305e-02	2.02000e+00
1.88665e+02	1.66162e-02	2.02000e+00
1.89828e+02	1.68091e-02	2.02000e+00
1.90991e+02	1.69972e-02	2.02000e+00
1.92154e+02	1.71937e-02	2.02000e+00
1.93300e+02	1.73819e-02	2.02000e+00
1.94480e+02	1.75827e-02	2.02000e+00
1.95643e+02	1.77776e-02	2.02000e+00
1.96806e+02	1.79781e-02	2.02000e+00
1.97969e+02	1.81765e-02	2.02000e+00
1.99131e+02	1.83782e-02	2.02000e+00
2.00294e+02	1.85806e-02	2.02000e+00
2.01457e+02	1.87849e-02	2.02000e+00
2.02620e+02	1.89893e-02	2.02000e+00
2.03783e+02	1.91964e-02	2.02000e+00
2.04946e+02	1.94037e-02	2.02000e+00
2.06109e+02	1.96132e-02	2.02000e+00
2.07272e+02	1.98238e-02	2.02000e+00
2.08435e+02	2.00366e-02	2.02000e+00
2.09598e+02	2.02476e-02	2.02000e+00
2.10761e+02	2.04629e-02	2.02000e+00
2.11924e+02	2.06757e-02	2.02000e+00
2.13087e+02	2.08959e-02	2.02000e+00
2.14130e+02	2.10877e-02	2.02000e+00
2.15413e+02	2.13314e-02	2.02000e+00
2.16576e+02	2.15483e-02	2.02000e+00
2.17739e+02	2.17722e-02	2.02000e+00
2.18902e+02	2.19918e-02	2.02000e+00
2.20065e+02	2.22174e-02	2.02000e+00
2.21228e+02	2.24394e-02	2.02000e+00
2.22391e+02	2.26664e-02	2.02000e+00
2.23554e+02	2.28910e-02	2.02000e+00
2.24717e+02	2.31188e-02	2.02000e+00
2.25880e+02	2.33475e-02	2.02000e+00
2.26959e+02	2.35582e-02	2.02000e+00
2.28206e+02	2.38077e-02	2.02000e+00
2.29369e+02	2.40359e-02	2.02000e+00
2.30532e+02	2.42694e-02	2.02000e+00
2.31695e+02	2.44996e-02	2.02000e+00
2.32858e+02	2.47350e-02	2.02000e+00
2.34021e+02	2.49692e-02	2.02000e+00
2.35184e+02	2.52022e-02	2.02000e+00
2.36347e+02	2.54394e-02	2.02000e+00
2.37510e+02	2.56735e-02	2.02000e+00
2.38672e+02	2.59129e-02	2.02000e+00
2.39835e+02	2.61487e-02	2.02000e+00
2.40998e+02	2.63884e-02	2.02000e+00
2.42161e+02	2.66276e-02	2.02000e+00
2.43259e+02	2.68522e-02	2.02000e+00
2.44487e+02	2.71082e-02	2.02000e+00
2.45650e+02	2.73470e-02	2.02000e+00
2.46813e+02	2.75904e-02	2.02000e+00
2.47976e+02	2.78308e-02	2.02000e+00
2.49139e+02	2.80725e-02	2.02000e+00
2.50302e+02	2.83175e-02	2.02000e+00
2.51465e+02	2.85587e-02	2.02000e+00
2.52628e+02	2.88047e-02	2.02000e+00
2.53791e+02	2.90469e-02	2.02000e+00
2.54954e+02	2.92920e-02	2.02000e+00
2.56117e+02	2.95379e-02	2.02000e+00
2.57280e+02	2.97816e-02	2.02000e+00
2.58443e+02	3.00299e-02	2.02000e+00
2.59606e+02	3.02746e-02	2.02000e+00
2.60769e+02	3.05211e-02	2.02000e+00
2.61932e+02	3.07689e-02	2.02000e+00
2.63095e+02	3.10151e-02	2.02000e+00
2.64258e+02	3.12647e-02	2.02000e+00
2.65421e+02	3.15106e-02	2.02000e+00
2.66584e+02	3.17591e-02	2.02000e+00
2.67747e+02	3.20075e-02	2.02000e+00
2.68910e+02	3.22548e-02	2.02000e+00
2.70073e+02	3.25052e-02	2.02000e+00
2.71236e+02	3.27527e-02	2.02000e+00
2.72399e+02	3.30021e-02	2.02000e+00
2.73562e+02	3.32525e-02	2.02000e+00
2.74725e+02	3.35008e-02	2.02000e+00
2.75888e+02	3.37525e-02	2.02000e+00
2.77051e+02	3.40013e-02	2.02000e+00
2.78214e+02	3.42550e-02	2.02000e+00
2.79376e+02	3.45069e-02	2.02000e+00
2.80539e+02	3.47523e-02	2.02000e+00
2.81702e+02	3.50035e-02	2.02000e+00
2.82865e+02	3.52545e-02	2.02000e+00
2.84005e+02	3.54991e-02	2.02000e+00
2.85191e+02	3.57571e-02	2.02000e+00
2.86354e+02	3.60116e-02	2.02000e+00
2.87517e+02	3.62684e-02	2.02000e+00
2.88680e+02	3.65202e-02	2.02000e+00
2.89706e+02	3.67343e-02	2.02000e+00
2.91006e+02	3.70143e-02	2.02000e+00
2.92169e+02	3.72639e-02	2.02000e+00
2.93332e+02	3.75255e-02	2.02000e+00
2.94495e+02	3.77830e-02	2.02000e+00
2.95658e+02	3.80319e-02	2.02000e+00
2.96821e+02	3.82708e-02	2.02000e+00
2.97984e+02	3.85299e-02	2.02000e+00
2.99147e+02	3.87868e-02	2.02000e+00
3.00310e+02	3.90294e-02	2.02000e+00
3.01473e+02	3.92871e-02	2.02000e+00
3.02636e+02	3.95434e-02	2.02000e+00
3.03799e+02	3.97852e-02	2.02000e+00
3.04881e+02	4.00284e-02	2.02000e+00
3.06125e+02	4.03068e-02	2.02000e+00
3.07288e+02	4.05631e-02	2.02000e+00
3.42980e+01	9.11754e-04	2.82000e+00
3.63155e+01	9.83573e-04	2.82000e+00
3.74785e+01	1.02221e-03	2.82000e+00
3.86415e+01	1.05978e-03	2.82000e+00
3.98044e+01	1.09513e-03	2.82000e+00
4.09674e+01	1.12888e-03	2.82000e+00
4.21304e+01	1.16168e-03	2.82000e+00
4.32933e+01	1.19338e-03	2.82000e+00
4.44563e+01	1.22358e-03	2.82000e+00
4.56193e+01	1.25291e-03	2.82000e+00
4.67823e+01	1.28100e-03	2.82000e+00
4.79452e+01	1.30764e-03	2.82000e+00
4.91082e+01	1.34095e-03	2.82000e+00
5.02712e+01	1.38221e-03	2.82000e+00
5.14341e+01	1.42235e-03	2.82000e+00
5.25971e+01	1.46078e-03	2.82000e+00
5.37601e+01	1.49793e-03	2.82000e+00
5.49231e+01	1.53465e-03	2.82000e+00
5.60860e+01	1.56968e-03	2.82000e+00
5.72490e+01	1.60436e-03	2.82000e+00
5.84120e+01	1.63689e-03	2.82000e+00
5.95749e+01	1.66959e-03	2.82000e+00
6.07379e+01	1.70078e-03	2.82000e+00
6.19009e+01	1.73152e-03	2.82000e+00
6.30639e+01	1.77290e-03	2.82000e+00
6.42268e+01	1.81463e-03	2.82000e+00
6.53898e+01	1.85630e-03	2.82000e+00
6.65528e+01	1.89644e-03	2.82000e+00
6.77157e+01	1.93536e-03	2.82000e+00
6.88787e+01	1.97440e-03	2.82000e+00
7.00417e+01	2.01100e-03	2.82000e+00
7.12047e+01	2.04760e-03	2.82000e+00
7.23676e+01	2.08373e-03	2.82000e+00
7.35306e+01	2.11864e-03	2.82000e+00
7.46936e+01	2.15525e-03	2.82000e+00
7.58565e+01	2.20038e-03	2.82000e+00
7.70195e+01	2.24371e-03	2.82000e+00
7.81825e+01	2.28758e-03	2.82000e+00
7.93455e+01	2.33019e-03	2.82000e+00
8.05084e+01	2.37124e-03	2.82000e+00
8.16714e+01	2.41246e-03	2.82000e+00
8.28344e+01	2.45288e-03	2.82000e+00
8.39973e+01	2.49206e-03	2.82000e+00
8.51603e+01	2.53041e-03	2.82000e+00
8.63233e+01	2.57164e-03	2.82000e+00
8.74862e+01	2.61967e-03	2.82000e+00
8.86492e+01	2.66613e-03	2.82000e+00
8.98122e+01	2.71338e-03	2.82000e+00
9.09752e+01	2.75860e-03	2.82000e+00
9.21381e+01	2.80202e-03	2.82000e+00
9.33011e+01	2.84687e-03	2.82000e+00
9.44641e+01	2.89010e-03	2.82000e+00
9.56270e+01	2.93258e-03	2.82000e+00
9.67900e+01	2.97632e-03	2.82000e+00
9.79530e+01	3.02741e-03	2.82000e+00
9.91160e+01	3.07750e-03	2.82000e+00
1.00279e+02	3.12688e-03	2.82000e+00
1.01442e+02	3.17646e-03	2.82000e+00
1.02605e+02	3.22463e-03	2.82000e+00
1.03768e+02	3.27182e-03	2.82000e+00
1.04931e+02	3.31867e-03	2.82000e+00
1.06094e+02	3.36489e-03	2.82000e+00
1.07257e+02	3.41706e-03	2.82000e+00
1.08420e+02	3.47180e-03	2.82000e+00
1.09583e+02	3.52464e-03	2.82000e+00
1.10746e+02	3.57745e-03	2.82000e+00
1.11909e+02	3.63037e-03	2.82000e+00
1.13072e+02	3.68204e-03	2.82000e+00
1.14235e+02	3.73198e-03	2.82000e+00
1.15398e+02	3.78248e-03	2.82000e+00
1.16561e+02	3.83968e-03	2.82000e+00
1.17723e+02	3.89760e-03	2.82000e+00
1.18886e+02	3.95397e-03	2.82000e+00
1.20049e+02	4.01099e-03	2.82000e+00
1.21212e+02	4.06790e-03	2.82000e+00
1.22375e+02	4.12278e-03	2.82000e+00
1.23538e+02	4.17643e-03	2.82000e+00
1.24701e+02	4.23605e-03	2.82000e+00
1.25864e+02	4.29768e-03	2.82000e+00
1.27027e+02	4.35857e-03	2.82000e+00
1.28190e+02	4.42001e-03	2.82000e+00
1.29353e+02	4.48040e-03	2.82000e+00
1.30516e+02	4.53948e-03	2.82000e+00
1.31679e+02	4.59824e-03	2.82000e+00
1.32842e+02	4.66395e-03	2.82000e+00
1.34005e+02	4.72936e-03	2.82000e+00
1.35168e+02	4.79433e-03	2.82000e+00
1.36331e+02	4.85948e-03	2.82000e+00
1.37494e+02	4.92370e-03	2.82000e+00
1.38657e+02	4.98657e-03	2.82000e+00
1.39820e+02	5.05318e-03	2.82000e+00
1.40983e+02	5.12358e-03	2.82000e+00
1.42146e+02	5.19373e-03	2.82000e+00
1.43309e+02	5.26300e-03	2.82000e+00
1.44472e+02	5.33148e-03	2.82000e+00
1.45635e+02	5.39903e-03	2.82000e+00
1.46798e+02	5.47120e-03	2.82000e+00
1.47961e+02	5.54580e-03	2.82000e+00
1.49124e+02	5.61984e-03	2.82000e+00
1.50287e+02	5.69348e-03	2.82000e+00
1.51450e+02	5.76658e-03	2.82000e+00
1.52613e+02	5.83918e-03	2.82000e+00
1.53776e+02	5.91850e-03	2.82000e+00
1.54939e+02	5.99765e-03	2.82000e+00
1.56102e+02	6.07525e-03	2.82000e+00
1.57265e+02	6.15312e-03	2.82000e+00
1.58427e+02	6.23020e-03	2.82000e+00
1.59590e+02	6.31180e-03	2.82000e+00
1.60753e+02	6.39621e-03	2.82000e+00
1.61916e+02	6.47933e-03	2.82000e+00
1.63079e+02	6.56132e-03	2.82000e+00
1.64242e+02	6.64326e-03	2.82000e+00
1.65405e+02	6.73066e-03	2.82000e+00
1.66568e+02	6.81889e-03	2.82000e+00
1.67731e+02	6.90644e-03	2.82000e+00
1.68894e+02	6.99280e-03	2.82000e+00
1.70057e+02	7.07956e-03	2.82000e+00
1.71220e+02	7.17359e-03	2.82000e+00
1.72383e+02	7.26704e-03	2.82000e+00
1.73546e+02	7.35741e-03	2.82000e+00
1.74709e+02	7.44906e-03	2.82000e+00
1.75872e+02	7.54515e-03	2.82000e+00
1.77035e+02	7.64277e-03	2.82000e+00
1.78198e+02	7.73960e-03	2.82000e+00
1.79361e+02	7.83432e-03	2.82000e+00
1.80524e+02	7.93417e-03	2.82000e+00
1.81687e+02	8.03755e-03	2.82000e+00
1.82850e+02	8.13882e-03	2.82000e+00
1.84013e+02	8.23747e-03	2.82000e+00
1.85176e+02	8.34188e-03	2.82000e+00
1.86339e+02	8.44950e-03	2.82000e+00
1.87502e+02	8.55599e-03	2.82000e+00
1.88665e+02	8.66036e-03	2.82000e+00
1.89828e+02	8.77009e-03	2.82000e+00
1.90991e+02	8.88270e-03	2.82000e+00
1.92154e+02	8.99197e-03	2.82000e+00
1.93317e+02	9.10208e-03	2.82000e+00
1.94480e+02	9.21768e-03	2.82000e+00
1.95643e+02	9.33406e-03	2.82000e+00
1.96806e+02	9.44744e-03	2.82000e+00
1.97969e+02	9.56370e-03	2.82000e+00
1.99131e+02	9.68686e-03	2.82000e+00
2.00294e+02	9.80530e-03	2.82000e+00
2.01457e+02	9.92393e-03	2.82000e+00
2.02620e+02	1.00489e-02	2.82000e+00
2.03783e+02	1.01744e-02	2.82000e+00
2.04946e+02	1.02961e-02	2.82000e+00
2.06109e+02	1.04250e-02	2.82000e+00
2.07272e+02	1.05552e-02	2.82000e+00
2.08435e+02	1.06812e-02	2.82000e+00
2.09598e+02	1.08122e-02	2.82000e+00
2.10761e+02	1.09468e-02	2.82000e+00
2.11924e+02	1.10782e-02	2.82000e+00
2.13032e+02	1.12056e-02	2.82000e+00
2.14250e+02	1.13522e-02	2.82000e+00
2.15413e+02	1.14862e-02	2.82000e+00
2.16576e+02	1.16251e-02	2.82000e+00
2.17739e+02	1.17682e-02	2.82000e+00
2.18902e+02	1.19072e-02	2.82000e+00
2.20065e+02	1.20507e-02	2.82000e+00
2.21228e+02	1.21978e-02	2.82000e+00
2.22391e+02	1.23405e-02	2.82000e+00
2.23554e+02	1.24894e-02	2.82000e+00
2.24717e+02	1.26390e-02	2.82000e+00
2.25880e+02	1.27866e-02	2.82000e+00
2.27043e+02	1.29406e-02	2.82000e+00
2.28206e+02	1.30925e-02	2.82000e+00
2.29369e+02	1.32449e-02	2.82000e+00
2.30532e+02	1.34033e-02	2.82000e+00
2.31695e+02	1.35572e-02	2.82000e+00
2.32858e+02	1.37157e-02	2.82000e+00
2.34021e+02	1.38769e-02	2.82000e+00
2.35184e+02	1.40350e-02	2.82000e+00
2.36347e+02	1.41996e-02	2.82000e+00
2.37510e+02	1.43607e-02	2.82000e+00
2.38672e+02	1.45255e-02	2.82000e+00
2.39835e+02	1.46944e-02	2.82000e+00
2.40998e+02	1.48582e-02	2.82000e+00
2.42161e+02	1.50293e-02	2.82000e+00
2.43324e+02	1.51967e-02	2.82000e+00
2.44487e+02	1.53687e-02	2.82000e+00
2.45650e+02	1.55413e-02	2.82000e+00
2.46813e+02	1.57126e-02	2.82000e+00
2.47976e+02	1.58895e-02	2.82000e+00
2.49139e+02	1.60627e-02	2.82000e+00
2.50302e+02	1.62420e-02	2.82000e+00
2.51465e+02	1.64178e-02	2.82000e+00
2.52628e+02	1.65975e-02	2.82000e+00
2.53791e+02	1.67779e-02	2.82000e+00
2.54954e+02	1.69580e-02	2.82000e+00
2.56117e+02	1.71432e-02	2.82000e+00
2.57280e+02	1.73240e-02	2.82000e+00
2.58443e+02	1.75107e-02	2.82000e+00
2.59606e+02	1.76941e-02	2.82000e+00
2.60769e+02	1.78830e-02	2.82000e+00
2.61932e+02	1.80684e-02	2.82000e+00
2.63095e+02	1.82574e-02	2.82000e+00
2.64258e+02	1.84461e-02	2.82000e+00
2.65421e+02	1.86368e-02	2.82000e+00
2.66584e+02	1.88289e-02	2.82000e+00
2.67747e+02	1.90201e-02	2.82000e+00
2.68910e+02	1.92148e-02	2.82000e+00
2.70073e+02	1.94071e-02	2.82000e+00
2.71236e+02	1.96038e-02	2.82000e+00
2.72399e+02	1.97968e-02	2.82000e+00
2.73562e+02	1.99955e-02	2.82000e+00
2.74725e+02	2.01911e-02	2.82000e+00
2.75888e+02	2.03918e-02	2.82000e+00
2.77051e+02	2.05885e-02	2.82000e+00
2.78214e+02	2.07894e-02	2.82000e+00
2.79376e+02	2.09874e-02	2.82000e+00
2.80539e+02	2.11910e-02	2.82000e+00
2.81702e+02	2.13914e-02	2.82000e+00
2.82865e+02	2.15956e-02	2.82000e+00
2.84028e+02	2.17967e-02	2.82000e+00
2.85191e+02	2.20026e-02	2.82000e+00
2.86354e+02	2.22058e-02	2.82000e+00
2.87517e+02	2.24121e-02	2.82000e+00
2.88680e+02	2.26159e-02	2.82000e+00
2.89843e+02	2.28254e-02	2.82000e+00
2.91006e+02	2.30303e-02	2.82000e+00
2.92169e+02	2.32389e-02	2.82000e+00
2.93332e+02	2.34452e-02	2.82000e+00
2.94495e+02	2.36560e-02	2.82000e+00
2.95658e+02	2.38639e-02	2.82000e+00
2.96821e+02	2.40756e-02	2.82000e+00
2.97984e+02	2.42844e-02	2.82000e+00
2.99147e+02	2.44969e-02	2.82000e+00
3.00310e+02	2.47067e-02	2.82000e+00
8.65380e+01	9.11754e-04	4.73000e+00
8.86492e+01	9.47906e-04	4.73000e+00
8.98122e+01	9.67392e-04	4.73000e+00
9.09752e+01	9.86104e-04	4.73000e+00
9.21381e+01	1.00532e-03	4.73000e+00
9.33011e+01	1.02421e-03	4.73000e+00
9.44641e+01	1.04210e-03	4.73000e+00
9.56270e+01	1.06012e-03	4.73000e+00
9.67900e+01	1.07861e-03	4.73000e+00
9.79530e+01	1.09593e-03	4.73000e+00
9.91160e+01	1.11263e-03	4.73000e+00
1.00279e+02	1.13003e-03	4.73000e+00
1.01442e+02	1.14728e-03	4.73000e+00
1.02605e+02	1.16356e-03	4.73000e+00
1.03768e+02	1.17986e-03	4.73000e+00
1.04931e+02	1.19595e-03	4.73000e+00
1.06094e+02	1.21193e-03	4.73000e+00
1.07257e+02	1.22779e-03	4.73000e+00
1.08420e+02	1.24310e-03	4.73000e+00
1.09583e+02	1.25876e-03	4.73000e+00
1.10746e+02	1.27404e-03	4.73000e+00
1.11909e+02	1.28879e-03	4.73000e+00
1.13072e+02	1.30345e-03	4.73000e+00
1.14235e+02	1.31815e-03	4.73000e+00
1.15398e+02	1.33817e-03	4.73000e+00
1.16561e+02	1.36128e-03	4.73000e+00
1.17723e+02	1.38403e-03	4.73000e+00
1.18886e+02	1.40614e-03	4.73000e+00
1.20049e+02	1.42888e-03	4.73000e+00
1.21212e+02	1.45116e-03	4.73000e+00
1.22375e+02	1.47347e-03	4.73000e+00
1.23538e+02	1.49425e-03	4.73000e+00
1.24701e+02	1.51532e-03	4.73000e+00
1.25864e+02	1.53695e-03	4.73000e+00
1.27027e+02	1.55826e-03	4.73000e+00
1.28190e+02	1.57927e-03	4.73000e+00
1.29353e+02	1.59963e-03	4.73000e+00
1.30516e+02	1.61937e-03	4.73000e+00
1.31679e+02	1.64032e-03	4.73000e+00
1.32842e+02	1.66059e-03	4.73000e+00
1.34005e+02	1.68010e-03	4.73000e+00
1.35168e+02	1.69937e-03	4.73000e+00
1.36331e+02	1.71870e-03	4.73000e+00
1.37494e+02	1.73976e-03	4.73000e+00
1.38657e+02	1.76711e-03	4.73000e+00
1.39820e+02	1.79455e-03	4.73000e+00
1.40983e+02	1.82123e-03	4.73000e+00
1.42146e+02	1.84739e-03	4.73000e+00
1.43309e+02	1.87382e-03	4.73000e+00
1.44472e+02	1.90098e-03	4.73000e+00
1.45635e+02	1.92703e-03	4.73000e+00
1.46798e+02	1.95267e-03	4.73000e+00
1.47961e+02	1.97790e-03	4.73000e+00
1.49124e+02	2.00332e-03	4.73000e+00
1.50287e+02	2.02916e-03	4.73000e+00
1.51450e+02	2.05461e-03	4.73000e+00
1.52613e+02	2.07920e-03	4.73000e+00
1.53776e+02	2.10301e-03	4.73000e+00
1.54939e+02	2.12741e-03	4.73000e+00
1.56102e+02	2.15443e-03	4.73000e+00
1.57265e+02	2.18696e-03	4.73000e+00
1.58427e+02	2.21857e-03	4.73000e+00
1.59590e+02	2.24993e-03	4.73000e+00
1.60753e+02	2.28112e-03	4.73000e+00
1.61916e+02	2.31315e-03	4.73000e+00
1.63079e+02	2.34460e-03	4.73000e+00
1.64242e+02	2.37497e-03	4.73000e+00
1.65405e+02	2.40602e-03	4.73000e+00
1.66568e+02	2.43640e-03	4.73000e+00
1.67731e+02	2.46717e-03	4.73000e+00
1.68894e+02	2.49682e-03	4.73000e+00
1.70057e+02	2.52589e-03	4.73000e+00
1.71220e+02	2.55653e-03	4.73000e+00
1.72383e+02	2.59440e-03	4.73000e+00
1.73546e+02	2.63195e-03	4.73000e+00
1.74709e+02	2.66850e-03	4.73000e+00
1.75872e+02	2.70498e-03	4.73000e+00
1.77035e+02	2.74236e-03	4.73000e+00
1.78198e+02	2.77882e-03	4.73000e+00
1.79361e+02	2.81536e-03	4.73000e+00
1.80524e+02	2.85142e-03	4.73000e+00
1.81687e+02	2.88719e-03	4.73000e+00
1.82850e+02	2.92248e-03	4.73000e+00
1.84013e+02	2.95821e-03	4.73000e+00
1.85176e+02	2.99975e-03	4.73000e+00
1.86339e+02	3.04322e-03	4.73000e+00
1.87502e+02	3.08514e-03	4.73000e+00
1.88665e+02	3.12666e-03	4.73000e+00
1.89828e+02	3.16992e-03	4.73000e+00
1.90991e+02	3.21297e-03	4.73000e+00
1.92154e+02	3.25537e-03	4.73000e+00
1.93317e+02	3.29658e-03	4.73000e+00
1.94480e+02	3.33661e-03	4.73000e+00
1.95643e+02	3.37924e-03	4.73000e+00
1.96806e+02	3.42919e-03	4.73000e+00
1.97969e+02	3.47775e-03	4.73000e+00
1.99131e+02	3.52550e-03	4.73000e+00
2.00294e+02	3.57388e-03	4.73000e+00
2.01457e+02	3.62342e-03	4.73000e+00
2.02620e+02	3.67180e-03	4.73000e+00
2.03783e+02	3.71904e-03	4.73000e+00
2.04946e+02	3.76615e-03	4.73000e+00
2.06109e+02	3.81810e-03	4.73000e+00
2.07272e+02	3.87338e-03	4.73000e+00
2.08435e+02	3.92779e-03	4.73000e+00
2.09598e+02	3.98239e-03	4.73000e+00
2.10761e+02	4.03767e-03	4.73000e+00
2.11924e+02	4.09207e-03	4.73000e+00
2.13087e+02	4.14469e-03	4.73000e+00
2.14250e+02	4.19891e-03	4.73000e+00
2.15413e+02	4.26081e-03	4.73000e+00
2.16576e+02	4.32204e-03	4.73000e+00
2.17739e+02	4.38292e-03	4.73000e+00
2.18902e+02	4.44348e-03	4.73000e+00
2.20065e+02	4.50418e-03	4.73000e+00
2.21228e+02	4.56307e-03	4.73000e+00
2.22391e+02	4.62536e-03	4.73000e+00
2.23554e+02	4.69427e-03	4.73000e+00
2.24717e+02	4.76156e-03	4.73000e+00
2.25880e+02	4.82822e-03	4.73000e+00
2.27043e+02	4.89529e-03	4.73000e+00
2.28206e+02	4.96089e-03	4.73000e+00
2.29369e+02	5.02784e-03	4.73000e+00
2.30532e+02	5.10388e-03	4.73000e+00
2.31695e+02	5.17767e-03	4.73000e+00
2.32858e+02	5.24983e-03	4.73000e+00
2.34021e+02	5.32270e-03	4.73000e+00
2.35184e+02	5.39537e-03	4.73000e+00
2.36347e+02	5.47214e-03	4.73000e+00
2.37510e+02	5.55359e-03	4.73000e+00
2.38672e+02	5.63355e-03	4.73000e+00
2.39835e+02	5.71108e-03	4.73000e+00
2.40998e+02	5.78933e-03	4.73000e+00
2.42161e+02	5.87178e-03	4.73000e+00
2.43324e+02	5.95855e-03	4.73000e+00
2.44487e+02	6.04483e-03	4.73000e+00
2.45650e+02	6.12887e-03	4.73000e+00
2.46813e+02	6.21290e-03	4.73000e+00
2.47976e+02	6.30342e-03	4.73000e+00
2.49139e+02	6.39576e-03	4.73000e+00
2.50302e+02	6.48688e-03	4.73000e+00
2.51465e+02	6.57576e-03	4.73000e+00
2.52628e+02	6.66766e-03	4.73000e+00
2.53791e+02	6.76808e-03	4.73000e+00
2.54954e+02	6.86527e-03	4.73000e+00
2.56117e+02	6.96007e-03	4.73000e+00
2.57280e+02	7.05689e-03	4.73000e+00
2.58443e+02	7.16004e-03	4.73000e+00
2.59606e+02	7.26380e-03	4.73000e+00
2.60769e+02	7.36401e-03	4.73000e+00
2.61932e+02	7.46620e-03	4.73000e+00
2.63095e+02	7.57481e-03	4.73000e+00
2.64258e+02	7.68352e-03	4.73000e+00
2.65421e+02	7.78950e-03	4.73000e+00
2.66584e+02	7.89693e-03	4.73000e+00
2.67747e+02	8.01262e-03	4.73000e+00
2.68910e+02	8.12465e-03	4.73000e+00
2.70073e+02	8.23497e-03	4.73000e+00
2.71236e+02	8.35109e-03	4.73000e+00
2.72399e+02	8.47119e-03	4.73000e+00
2.73562e+02	8.58639e-03	4.73000e+00
2.74725e+02	8.70315e-03	4.73000e+00
2.75888e+02	8.82715e-03	4.73000e+00
2.77051e+02	8.94950e-03	4.73000e+00
2.78214e+02	9.06867e-03	4.73000e+00
2.79376e+02	9.19583e-03	4.73000e+00
2.80539e+02	9.32331e-03	4.73000e+00
2.81702e+02	9.44661e-03	4.73000e+00
2.82865e+02	9.57461e-03	4.73000e+00
2.84028e+02	9.70873e-03	4.73000e+00
2.85191e+02	9.83628e-03	4.73000e+00
2.86354e+02	9.96670e-03	4.73000e+00
2.87517e+02	1.01037e-02	4.73000e+00
2.88680e+02	1.02363e-02	4.73000e+00
2.89843e+02	1.03708e-02	4.73000e+00
2.91006e+02	1.05115e-02	4.73000e+00
2.92169e+02	1.06469e-02	4.73000e+00
2.93332e+02	1.07842e-02	4.73000e+00
2.94495e+02	1.09297e-02	4.73000e+00
