# These analytical isoelasticity lines were created using the original
# Matlab scripts by Alexander Mietke. The model computations take into
# account the equivalent channel radius for a square channel using the
# factor 1.094 (see supplement S3).
# 
# BEGIN METADATA
# {
#   "authors": "A. Mietke, C. Herold, J. Guck",
#   "channel_width": 20.0,
#   "channel_width_unit": "um",
#   "date": "2018-01-30",
#   "dimensionality": "2Daxis",
#   "flow_rate": 0.04,
#   "flow_rate_unit": "uL/s",
#   "fluid_viscosity": 15.0,
#   "fluid_viscosity_unit": "mPa s",
#   "lut identifier": "LE-2D-ana-18",
#   "method": "analytical",
#   "model": "linear elastic",
#   "publication": "https://doi.org/10.1016/j.bpj.2015.09.006",
#   "software": "custom Matlab code",
#   "summary": "2D-axis-symmetric analytical solution for a linear elastic sphere"
# }
# END METADATA
#
# area_um [um^2]	deform	emodulus [kPa]
3.75331e+00	5.14496e-03	9.30000e-01
4.90368e+00	6.72683e-03	9.30000e-01
6.05279e+00	8.30946e-03	9.30000e-01
7.20064e+00	9.89298e-03	9.30000e-01
8.34722e+00	1.14775e-02	9.30000e-01
9.49253e+00	1.30632e-02	9.30000e-01
1.06366e+01	1.46502e-02	9.30000e-01
1.17793e+01	1.62386e-02	9.30000e-01
1.29208e+01	1.78287e-02	9.30000e-01
1.40610e+01	1.94206e-02	9.30000e-01
1.51998e+01	2.10145e-02	9.30000e-01
1.63374e+01	2.26105e-02	9.30000e-01
1.74736e+01	2.42089e-02	9.30000e-01
1.86085e+01	2.58098e-02	9.30000e-01
1.97420e+01	2.74134e-02	9.30000e-01
2.08742e+01	2.90200e-02	9.30000e-01
3.75569e+00	3.30649e-03	1.16000e+00
4.90775e+00	4.32295e-03	1.16000e+00
6.05900e+00	5.33987e-03	1.16000e+00
7.20944e+00	6.35734e-03	1.16000e+00
8.35907e+00	7.37547e-03	1.16000e+00
9.50787e+00	8.39438e-03	1.16000e+00
1.06559e+01	9.41416e-03	1.16000e+00
1.18030e+01	1.04350e-02	1.16000e+00
1.29494e+01	1.14569e-02	1.16000e+00
1.40949e+01	1.24801e-02	1.16000e+00
1.52395e+01	1.35047e-02	1.16000e+00
1.63834e+01	1.45309e-02	1.16000e+00
1.75263e+01	1.55588e-02	1.16000e+00
1.86684e+01	1.65885e-02	1.16000e+00
1.98097e+01	1.76201e-02	1.16000e+00
2.09501e+01	1.86540e-02	1.16000e+00
2.20895e+01	1.96901e-02	1.16000e+00
2.32281e+01	2.07287e-02	1.16000e+00
2.43658e+01	2.17698e-02	1.16000e+00
2.55026e+01	2.28138e-02	1.16000e+00
2.66384e+01	2.38606e-02	1.16000e+00
2.77733e+01	2.49106e-02	1.16000e+00
2.89073e+01	2.59638e-02	1.16000e+00
3.00402e+01	2.70204e-02	1.16000e+00
3.11722e+01	2.80806e-02	1.16000e+00
3.23032e+01	2.91445e-02	1.16000e+00
3.75703e+00	2.26981e-03	1.40000e+00
4.91004e+00	2.96751e-03	1.40000e+00
6.06250e+00	3.66549e-03	1.40000e+00
7.21440e+00	4.36384e-03	1.40000e+00
8.36574e+00	5.06262e-03	1.40000e+00
9.51653e+00	5.76193e-03	1.40000e+00
1.06667e+01	6.46184e-03	1.40000e+00
1.18164e+01	7.16245e-03	1.40000e+00
1.29655e+01	7.86385e-03	1.40000e+00
1.41140e+01	8.56613e-03	1.40000e+00
1.52619e+01	9.26940e-03	1.40000e+00
1.64093e+01	9.97376e-03	1.40000e+00
1.75561e+01	1.06793e-02	1.40000e+00
1.87022e+01	1.13862e-02	1.40000e+00
1.98478e+01	1.20944e-02	1.40000e+00
2.09928e+01	1.28042e-02	1.40000e+00
2.21372e+01	1.35156e-02	1.40000e+00
2.32810e+01	1.42288e-02	1.40000e+00
2.44241e+01	1.49438e-02	1.40000e+00
2.55666e+01	1.56608e-02	1.40000e+00
2.67085e+01	1.63799e-02	1.40000e+00
2.78497e+01	1.71012e-02	1.40000e+00
2.89903e+01	1.78249e-02	1.40000e+00
3.01302e+01	1.85509e-02	1.40000e+00
3.12694e+01	1.92796e-02	1.40000e+00
3.24080e+01	2.00110e-02	1.40000e+00
3.35458e+01	2.07451e-02	1.40000e+00
3.46830e+01	2.14822e-02	1.40000e+00
3.58194e+01	2.22224e-02	1.40000e+00
3.69550e+01	2.29658e-02	1.40000e+00
3.80900e+01	2.37124e-02	1.40000e+00
3.92241e+01	2.44626e-02	1.40000e+00
4.03575e+01	2.52162e-02	1.40000e+00
4.14901e+01	2.59736e-02	1.40000e+00
4.26219e+01	2.67348e-02	1.40000e+00
4.37528e+01	2.75000e-02	1.40000e+00
4.48829e+01	2.82692e-02	1.40000e+00
4.60122e+01	2.90427e-02	1.40000e+00
4.71406e+01	2.98205e-02	1.40000e+00
3.75790e+00	1.59511e-03	1.67000e+00
4.91154e+00	2.08537e-03	1.67000e+00
6.06478e+00	2.57582e-03	1.67000e+00
7.21763e+00	3.06652e-03	1.67000e+00
8.37009e+00	3.55751e-03	1.67000e+00
9.52216e+00	4.04886e-03	1.67000e+00
1.06738e+01	4.54063e-03	1.67000e+00
1.18251e+01	5.03288e-03	1.67000e+00
1.29760e+01	5.52568e-03	1.67000e+00
1.41264e+01	6.01910e-03	1.67000e+00
1.52765e+01	6.51322e-03	1.67000e+00
1.64262e+01	7.00811e-03	1.67000e+00
1.75754e+01	7.50384e-03	1.67000e+00
1.87242e+01	8.00049e-03	1.67000e+00
1.98727e+01	8.49813e-03	1.67000e+00
2.10207e+01	8.99686e-03	1.67000e+00
2.21682e+01	9.49675e-03	1.67000e+00
2.33154e+01	9.99788e-03	1.67000e+00
2.44621e+01	1.05003e-02	1.67000e+00
2.56083e+01	1.10042e-02	1.67000e+00
2.67541e+01	1.15095e-02	1.67000e+00
2.78995e+01	1.20165e-02	1.67000e+00
2.90444e+01	1.25251e-02	1.67000e+00
3.01888e+01	1.30354e-02	1.67000e+00
3.13327e+01	1.35476e-02	1.67000e+00
3.24762e+01	1.40617e-02	1.67000e+00
3.36192e+01	1.45779e-02	1.67000e+00
3.47616e+01	1.50961e-02	1.67000e+00
3.59036e+01	1.56166e-02	1.67000e+00
3.70450e+01	1.61393e-02	1.67000e+00
3.81860e+01	1.66644e-02	1.67000e+00
3.93263e+01	1.71920e-02	1.67000e+00
4.04662e+01	1.77221e-02	1.67000e+00
4.16055e+01	1.82550e-02	1.67000e+00
4.27442e+01	1.87905e-02	1.67000e+00
4.38823e+01	1.93289e-02	1.67000e+00
4.50198e+01	1.98703e-02	1.67000e+00
4.61568e+01	2.04147e-02	1.67000e+00
4.72931e+01	2.09622e-02	1.67000e+00
4.84288e+01	2.15129e-02	1.67000e+00
4.95638e+01	2.20670e-02	1.67000e+00
5.06982e+01	2.26245e-02	1.67000e+00
5.18320e+01	2.31855e-02	1.67000e+00
5.29650e+01	2.37502e-02	1.67000e+00
5.40973e+01	2.43185e-02	1.67000e+00
5.52290e+01	2.48908e-02	1.67000e+00
5.63599e+01	2.54669e-02	1.67000e+00
5.74900e+01	2.60470e-02	1.67000e+00
5.86194e+01	2.66313e-02	1.67000e+00
5.97480e+01	2.72199e-02	1.67000e+00
6.08758e+01	2.78127e-02	1.67000e+00
6.20028e+01	2.84101e-02	1.67000e+00
6.31289e+01	2.90120e-02	1.67000e+00
6.42543e+01	2.96185e-02	1.67000e+00
3.75851e+00	1.12332e-03	1.99000e+00
4.91258e+00	1.46856e-03	1.99000e+00
6.06638e+00	1.81391e-03	1.99000e+00
7.21989e+00	2.15944e-03	1.99000e+00
8.37313e+00	2.50516e-03	1.99000e+00
9.52610e+00	2.85113e-03	1.99000e+00
1.06788e+01	3.19739e-03	1.99000e+00
1.18312e+01	3.54398e-03	1.99000e+00
1.29833e+01	3.89096e-03	1.99000e+00
1.41351e+01	4.23837e-03	1.99000e+00
1.52867e+01	4.58627e-03	1.99000e+00
1.64380e+01	4.93471e-03	1.99000e+00
1.75889e+01	5.28374e-03	1.99000e+00
1.87396e+01	5.63341e-03	1.99000e+00
1.98900e+01	5.98380e-03	1.99000e+00
2.10401e+01	6.33494e-03	1.99000e+00
2.21899e+01	6.68690e-03	1.99000e+00
2.33394e+01	7.03973e-03	1.99000e+00
2.44886e+01	7.39351e-03	1.99000e+00
2.56375e+01	7.74828e-03	1.99000e+00
2.67860e+01	8.10410e-03	1.99000e+00
2.79343e+01	8.46105e-03	1.99000e+00
2.90822e+01	8.81917e-03	1.99000e+00
3.02297e+01	9.17854e-03	1.99000e+00
3.13770e+01	9.53921e-03	1.99000e+00
3.25239e+01	9.90125e-03	1.99000e+00
3.36705e+01	1.02647e-02	1.99000e+00
3.48167e+01	1.06297e-02	1.99000e+00
3.59625e+01	1.09962e-02	1.99000e+00
3.71080e+01	1.13644e-02	1.99000e+00
3.82531e+01	1.17342e-02	1.99000e+00
3.93978e+01	1.21059e-02	1.99000e+00
4.05422e+01	1.24793e-02	1.99000e+00
4.16862e+01	1.28546e-02	1.99000e+00
4.28297e+01	1.32319e-02	1.99000e+00
4.39729e+01	1.36112e-02	1.99000e+00
4.51156e+01	1.39926e-02	1.99000e+00
4.62579e+01	1.43762e-02	1.99000e+00
4.73998e+01	1.47620e-02	1.99000e+00
4.85412e+01	1.51501e-02	1.99000e+00
4.96822e+01	1.55406e-02	1.99000e+00
5.08227e+01	1.59336e-02	1.99000e+00
5.19627e+01	1.63290e-02	1.99000e+00
5.31023e+01	1.67271e-02	1.99000e+00
5.42414e+01	1.71278e-02	1.99000e+00
5.53799e+01	1.75312e-02	1.99000e+00
5.65180e+01	1.79375e-02	1.99000e+00
5.76555e+01	1.83466e-02	1.99000e+00
5.87925e+01	1.87587e-02	1.99000e+00
5.99290e+01	1.91738e-02	1.99000e+00
6.10648e+01	1.95921e-02	1.99000e+00
6.22001e+01	2.00135e-02	1.99000e+00
6.33349e+01	2.04382e-02	1.99000e+00
6.44690e+01	2.08662e-02	1.99000e+00
6.56025e+01	2.12977e-02	1.99000e+00
6.67354e+01	2.17327e-02	1.99000e+00
6.78676e+01	2.21712e-02	1.99000e+00
6.89992e+01	2.26134e-02	1.99000e+00
7.01301e+01	2.30594e-02	1.99000e+00
7.12603e+01	2.35092e-02	1.99000e+00
7.23898e+01	2.39630e-02	1.99000e+00
7.35186e+01	2.44207e-02	1.99000e+00
7.46467e+01	2.48826e-02	1.99000e+00
7.57740e+01	2.53486e-02	1.99000e+00
7.69005e+01	2.58189e-02	1.99000e+00
7.80263e+01	2.62936e-02	1.99000e+00
7.91512e+01	2.67727e-02	1.99000e+00
8.02753e+01	2.72564e-02	1.99000e+00
8.13986e+01	2.77447e-02	1.99000e+00
8.25210e+01	2.82378e-02	1.99000e+00
8.36426e+01	2.87357e-02	1.99000e+00
8.47632e+01	2.92386e-02	1.99000e+00
8.58829e+01	2.97464e-02	1.99000e+00
3.75897e+00	7.72298e-04	2.40000e+00
4.91336e+00	1.00963e-03	2.40000e+00
6.06756e+00	1.24705e-03	2.40000e+00
7.22157e+00	1.48457e-03	2.40000e+00
8.37539e+00	1.72223e-03	2.40000e+00
9.52903e+00	1.96006e-03	2.40000e+00
1.06825e+01	2.19808e-03	2.40000e+00
1.18357e+01	2.43633e-03	2.40000e+00
1.29888e+01	2.67484e-03	2.40000e+00
1.41416e+01	2.91364e-03	2.40000e+00
1.52943e+01	3.15278e-03	2.40000e+00
1.64468e+01	3.39228e-03	2.40000e+00
1.75990e+01	3.63219e-03	2.40000e+00
1.87511e+01	3.87254e-03	2.40000e+00
1.99029e+01	4.11338e-03	2.40000e+00
2.10546e+01	4.35474e-03	2.40000e+00
2.22061e+01	4.59666e-03	2.40000e+00
2.33573e+01	4.83918e-03	2.40000e+00
2.45083e+01	5.08234e-03	2.40000e+00
2.56592e+01	5.32620e-03	2.40000e+00
2.68098e+01	5.57077e-03	2.40000e+00
2.79601e+01	5.81612e-03	2.40000e+00
2.91103e+01	6.06228e-03	2.40000e+00
3.02602e+01	6.30930e-03	2.40000e+00
3.14099e+01	6.55722e-03	2.40000e+00
3.25594e+01	6.80608e-03	2.40000e+00
3.37086e+01	7.05593e-03	2.40000e+00
3.48576e+01	7.30681e-03	2.40000e+00
3.60063e+01	7.55877e-03	2.40000e+00
3.71548e+01	7.81185e-03	2.40000e+00
3.83031e+01	8.06610e-03	2.40000e+00
3.94510e+01	8.32157e-03	2.40000e+00
4.05988e+01	8.57830e-03	2.40000e+00
4.17462e+01	8.83634e-03	2.40000e+00
4.28934e+01	9.09573e-03	2.40000e+00
4.40402e+01	9.35652e-03	2.40000e+00
4.51868e+01	9.61876e-03	2.40000e+00
4.63331e+01	9.88250e-03	2.40000e+00
4.74791e+01	1.01478e-02	2.40000e+00
4.86249e+01	1.04147e-02	2.40000e+00
4.97702e+01	1.06832e-02	2.40000e+00
5.09153e+01	1.09534e-02	2.40000e+00
5.20601e+01	1.12254e-02	2.40000e+00
5.32045e+01	1.14991e-02	2.40000e+00
5.43486e+01	1.17747e-02	2.40000e+00
5.54923e+01	1.20522e-02	2.40000e+00
5.66357e+01	1.23317e-02	2.40000e+00
5.77787e+01	1.26131e-02	2.40000e+00
5.89213e+01	1.28966e-02	2.40000e+00
6.00636e+01	1.31822e-02	2.40000e+00
6.12055e+01	1.34700e-02	2.40000e+00
6.23470e+01	1.37600e-02	2.40000e+00
6.34881e+01	1.40522e-02	2.40000e+00
6.46288e+01	1.43468e-02	2.40000e+00
6.57690e+01	1.46437e-02	2.40000e+00
6.69088e+01	1.49431e-02	2.40000e+00
6.80482e+01	1.52450e-02	2.40000e+00
6.91871e+01	1.55494e-02	2.40000e+00
7.03256e+01	1.58565e-02	2.40000e+00
7.14636e+01	1.61662e-02	2.40000e+00
7.26011e+01	1.64786e-02	2.40000e+00
7.37381e+01	1.67938e-02	2.40000e+00
7.48746e+01	1.71119e-02	2.40000e+00
7.60106e+01	1.74329e-02	2.40000e+00
7.71461e+01	1.77569e-02	2.40000e+00
7.82810e+01	1.80839e-02	2.40000e+00
7.94154e+01	1.84140e-02	2.40000e+00
8.05492e+01	1.87473e-02	2.40000e+00
8.16824e+01	1.90838e-02	2.40000e+00
8.28151e+01	1.94236e-02	2.40000e+00
8.39471e+01	1.97669e-02	2.40000e+00
8.50785e+01	2.01135e-02	2.40000e+00
8.62093e+01	2.04637e-02	2.40000e+00
8.73394e+01	2.08175e-02	2.40000e+00
8.84688e+01	2.11749e-02	2.40000e+00
8.95976e+01	2.15361e-02	2.40000e+00
9.07257e+01	2.19011e-02	2.40000e+00
9.18531e+01	2.22700e-02	2.40000e+00
9.29797e+01	2.26428e-02	2.40000e+00
9.41056e+01	2.30197e-02	2.40000e+00
9.52308e+01	2.34008e-02	2.40000e+00
9.63552e+01	2.37861e-02	2.40000e+00
9.74787e+01	2.41756e-02	2.40000e+00
9.86015e+01	2.45696e-02	2.40000e+00
9.97234e+01	2.49680e-02	2.40000e+00
1.00844e+02	2.53710e-02	2.40000e+00
1.01965e+02	2.57786e-02	2.40000e+00
1.03084e+02	2.61910e-02	2.40000e+00
1.04202e+02	2.66083e-02	2.40000e+00
1.05320e+02	2.70305e-02	2.40000e+00
1.06436e+02	2.74577e-02	2.40000e+00
1.07552e+02	2.78901e-02	2.40000e+00
1.08666e+02	2.83277e-02	2.40000e+00
1.09780e+02	2.87706e-02	2.40000e+00
1.10892e+02	2.92190e-02	2.40000e+00
1.12004e+02	2.96730e-02	2.40000e+00
3.75930e+00	5.18179e-04	2.93000e+00
4.91392e+00	6.77408e-04	2.93000e+00
6.06842e+00	8.36690e-04	2.93000e+00
7.22279e+00	9.96043e-04	2.93000e+00
8.37703e+00	1.15548e-03	2.93000e+00
9.53115e+00	1.31503e-03	2.93000e+00
1.06851e+01	1.47471e-03	2.93000e+00
1.18390e+01	1.63454e-03	2.93000e+00
1.29927e+01	1.79454e-03	2.93000e+00
1.41463e+01	1.95474e-03	2.93000e+00
1.52998e+01	2.11517e-03	2.93000e+00
1.64531e+01	2.27583e-03	2.93000e+00
1.76063e+01	2.43677e-03	2.93000e+00
1.87594e+01	2.59800e-03	2.93000e+00
1.99123e+01	2.75956e-03	2.93000e+00
2.10651e+01	2.92146e-03	2.93000e+00
2.22177e+01	3.08374e-03	2.93000e+00
2.33703e+01	3.24643e-03	2.93000e+00
2.45226e+01	3.40954e-03	2.93000e+00
2.56749e+01	3.57312e-03	2.93000e+00
2.68269e+01	3.73718e-03	2.93000e+00
2.79789e+01	3.90176e-03	2.93000e+00
2.91307e+01	4.06688e-03	2.93000e+00
3.02823e+01	4.23258e-03	2.93000e+00
3.14338e+01	4.39888e-03	2.93000e+00
3.25851e+01	4.56582e-03	2.93000e+00
3.37362e+01	4.73342e-03	2.93000e+00
3.48872e+01	4.90171e-03	2.93000e+00
3.60381e+01	5.07073e-03	2.93000e+00
3.71887e+01	5.24050e-03	2.93000e+00
3.83392e+01	5.41106e-03	2.93000e+00
3.94896e+01	5.58243e-03	2.93000e+00
4.06397e+01	5.75465e-03	2.93000e+00
4.17897e+01	5.92776e-03	2.93000e+00
4.29394e+01	6.10177e-03	2.93000e+00
4.40890e+01	6.27673e-03	2.93000e+00
4.52384e+01	6.45266e-03	2.93000e+00
4.63876e+01	6.62960e-03	2.93000e+00
4.75366e+01	6.80758e-03	2.93000e+00
4.86854e+01	6.98664e-03	2.93000e+00
4.98340e+01	7.16680e-03	2.93000e+00
5.09824e+01	7.34810e-03	2.93000e+00
5.21305e+01	7.53058e-03	2.93000e+00
5.32785e+01	7.71427e-03	2.93000e+00
5.44262e+01	7.89920e-03	2.93000e+00
5.55736e+01	8.08540e-03	2.93000e+00
5.67209e+01	8.27292e-03	2.93000e+00
5.78679e+01	8.46179e-03	2.93000e+00
5.90146e+01	8.65204e-03	2.93000e+00
6.01611e+01	8.84371e-03	2.93000e+00
6.13073e+01	9.03684e-03	2.93000e+00
6.24533e+01	9.23146e-03	2.93000e+00
6.35990e+01	9.42761e-03	2.93000e+00
6.47444e+01	9.62533e-03	2.93000e+00
6.58896e+01	9.82465e-03	2.93000e+00
6.70344e+01	1.00256e-02	2.93000e+00
6.81790e+01	1.02283e-02	2.93000e+00
6.93232e+01	1.04326e-02	2.93000e+00
7.04672e+01	1.06388e-02	2.93000e+00
7.16108e+01	1.08467e-02	2.93000e+00
7.27541e+01	1.10565e-02	2.93000e+00
7.38971e+01	1.12682e-02	2.93000e+00
7.50397e+01	1.14818e-02	2.93000e+00
7.61820e+01	1.16973e-02	2.93000e+00
7.73239e+01	1.19149e-02	2.93000e+00
7.84655e+01	1.21345e-02	2.93000e+00
7.96066e+01	1.23563e-02	2.93000e+00
8.07475e+01	1.25801e-02	2.93000e+00
8.18879e+01	1.28062e-02	2.93000e+00
8.30279e+01	1.30345e-02	2.93000e+00
8.41675e+01	1.32651e-02	2.93000e+00
8.53067e+01	1.34980e-02	2.93000e+00
8.64455e+01	1.37334e-02	2.93000e+00
8.75838e+01	1.39711e-02	2.93000e+00
8.87217e+01	1.42113e-02	2.93000e+00
8.98592e+01	1.44541e-02	2.93000e+00
9.09962e+01	1.46994e-02	2.93000e+00
9.21327e+01	1.49474e-02	2.93000e+00
9.32687e+01	1.51981e-02	2.93000e+00
9.44042e+01	1.54515e-02	2.93000e+00
9.55392e+01	1.57077e-02	2.93000e+00
9.66737e+01	1.59668e-02	2.93000e+00
9.78076e+01	1.62288e-02	2.93000e+00
9.89410e+01	1.64938e-02	2.93000e+00
1.00074e+02	1.67618e-02	2.93000e+00
1.01206e+02	1.70329e-02	2.93000e+00
1.02338e+02	1.73072e-02	2.93000e+00
1.03469e+02	1.75847e-02	2.93000e+00
1.04599e+02	1.78655e-02	2.93000e+00
1.05729e+02	1.81497e-02	2.93000e+00
1.06858e+02	1.84372e-02	2.93000e+00
1.07987e+02	1.87283e-02	2.93000e+00
1.09115e+02	1.90230e-02	2.93000e+00
1.10242e+02	1.93212e-02	2.93000e+00
1.11369e+02	1.96232e-02	2.93000e+00
1.12494e+02	1.99290e-02	2.93000e+00
1.13619e+02	2.02386e-02	2.93000e+00
1.14744e+02	2.05522e-02	2.93000e+00
1.15867e+02	2.08698e-02	2.93000e+00
1.16990e+02	2.11915e-02	2.93000e+00
1.18112e+02	2.15174e-02	2.93000e+00
1.19233e+02	2.18475e-02	2.93000e+00
1.20353e+02	2.21821e-02	2.93000e+00
1.21473e+02	2.25210e-02	2.93000e+00
1.22591e+02	2.28646e-02	2.93000e+00
1.23709e+02	2.32127e-02	2.93000e+00
1.24825e+02	2.35656e-02	2.93000e+00
1.25941e+02	2.39233e-02	2.93000e+00
1.27056e+02	2.42860e-02	2.93000e+00
1.28170e+02	2.46537e-02	2.93000e+00
1.29282e+02	2.50265e-02	2.93000e+00
1.30394e+02	2.54045e-02	2.93000e+00
1.31505e+02	2.57880e-02	2.93000e+00
1.32614e+02	2.61769e-02	2.93000e+00
1.33723e+02	2.65714e-02	2.93000e+00
1.34830e+02	2.69715e-02	2.93000e+00
1.35936e+02	2.73776e-02	2.93000e+00
1.37041e+02	2.77895e-02	2.93000e+00
1.38145e+02	2.82076e-02	2.93000e+00
1.39247e+02	2.86319e-02	2.93000e+00
1.40348e+02	2.90625e-02	2.93000e+00
1.41448e+02	2.94996e-02	2.93000e+00
1.42547e+02	2.99433e-02	2.93000e+00
3.75954e+00	3.30298e-04	3.67000e+00
4.91434e+00	4.31784e-04	3.67000e+00
6.06906e+00	5.33303e-04	3.67000e+00
7.22369e+00	6.34866e-04	3.67000e+00
8.37824e+00	7.36484e-04	3.67000e+00
9.53272e+00	8.38170e-04	3.67000e+00
1.06871e+01	9.39937e-04	3.67000e+00
1.18414e+01	1.04180e-03	3.67000e+00
1.29956e+01	1.14377e-03	3.67000e+00
1.41498e+01	1.24587e-03	3.67000e+00
1.53038e+01	1.34810e-03	3.67000e+00
1.64578e+01	1.45050e-03	3.67000e+00
1.76117e+01	1.55306e-03	3.67000e+00
1.87655e+01	1.65581e-03	3.67000e+00
1.99192e+01	1.75877e-03	3.67000e+00
2.10728e+01	1.86195e-03	3.67000e+00
2.22264e+01	1.96536e-03	3.67000e+00
2.33798e+01	2.06904e-03	3.67000e+00
2.45332e+01	2.17299e-03	3.67000e+00
2.56865e+01	2.27723e-03	3.67000e+00
2.68396e+01	2.38178e-03	3.67000e+00
2.79927e+01	2.48666e-03	3.67000e+00
2.91457e+01	2.59189e-03	3.67000e+00
3.02986e+01	2.69748e-03	3.67000e+00
3.14514e+01	2.80346e-03	3.67000e+00
3.26041e+01	2.90984e-03	3.67000e+00
3.37567e+01	3.01664e-03	3.67000e+00
3.49092e+01	3.12389e-03	3.67000e+00
3.60615e+01	3.23160e-03	3.67000e+00
3.72138e+01	3.33979e-03	3.67000e+00
3.83660e+01	3.44848e-03	3.67000e+00
3.95180e+01	3.55769e-03	3.67000e+00
4.06700e+01	3.66744e-03	3.67000e+00
4.18218e+01	3.77776e-03	3.67000e+00
4.29735e+01	3.88865e-03	3.67000e+00
4.41251e+01	4.00015e-03	3.67000e+00
4.52766e+01	4.11227e-03	3.67000e+00
4.64279e+01	4.22503e-03	3.67000e+00
4.75791e+01	4.33846e-03	3.67000e+00
4.87302e+01	4.45257e-03	3.67000e+00
4.98811e+01	4.56739e-03	3.67000e+00
5.10319e+01	4.68294e-03	3.67000e+00
5.21826e+01	4.79924e-03	3.67000e+00
5.33332e+01	4.91631e-03	3.67000e+00
5.44835e+01	5.03418e-03	3.67000e+00
5.56338e+01	5.15286e-03	3.67000e+00
5.67839e+01	5.27238e-03	3.67000e+00
5.79338e+01	5.39276e-03	3.67000e+00
5.90836e+01	5.51403e-03	3.67000e+00
6.02332e+01	5.63620e-03	3.67000e+00
6.13826e+01	5.75930e-03	3.67000e+00
6.25319e+01	5.88336e-03	3.67000e+00
6.36810e+01	6.00840e-03	3.67000e+00
6.48300e+01	6.13444e-03	3.67000e+00
6.59787e+01	6.26151e-03	3.67000e+00
6.71273e+01	6.38962e-03	3.67000e+00
6.82757e+01	6.51882e-03	3.67000e+00
6.94238e+01	6.64912e-03	3.67000e+00
7.05718e+01	6.78054e-03	3.67000e+00
7.17196e+01	6.91312e-03	3.67000e+00
7.28672e+01	7.04688e-03	3.67000e+00
7.40146e+01	7.18184e-03	3.67000e+00
7.51617e+01	7.31804e-03	3.67000e+00
7.63086e+01	7.45550e-03	3.67000e+00
7.74553e+01	7.59424e-03	3.67000e+00
7.86018e+01	7.73431e-03	3.67000e+00
7.97480e+01	7.87572e-03	3.67000e+00
8.08940e+01	8.01850e-03	3.67000e+00
8.20398e+01	8.16269e-03	3.67000e+00
8.31853e+01	8.30831e-03	3.67000e+00
8.43305e+01	8.45540e-03	3.67000e+00
8.54755e+01	8.60398e-03	3.67000e+00
8.66202e+01	8.75409e-03	3.67000e+00
8.77646e+01	8.90575e-03	3.67000e+00
8.89087e+01	9.05901e-03	3.67000e+00
9.00526e+01	9.21389e-03	3.67000e+00
9.11961e+01	9.37044e-03	3.67000e+00
9.23394e+01	9.52867e-03	3.67000e+00
9.34823e+01	9.68863e-03	3.67000e+00
9.46249e+01	9.85035e-03	3.67000e+00
9.57672e+01	1.00139e-02	3.67000e+00
9.69092e+01	1.01792e-02	3.67000e+00
9.80508e+01	1.03465e-02	3.67000e+00
9.91921e+01	1.05156e-02	3.67000e+00
1.00333e+02	1.06867e-02	3.67000e+00
1.01474e+02	1.08598e-02	3.67000e+00
1.02614e+02	1.10349e-02	3.67000e+00
1.03753e+02	1.12121e-02	3.67000e+00
1.04893e+02	1.13914e-02	3.67000e+00
1.06032e+02	1.15728e-02	3.67000e+00
1.07170e+02	1.17565e-02	3.67000e+00
1.08309e+02	1.19424e-02	3.67000e+00
1.09446e+02	1.21306e-02	3.67000e+00
1.10584e+02	1.23211e-02	3.67000e+00
1.11721e+02	1.25140e-02	3.67000e+00
1.12857e+02	1.27094e-02	3.67000e+00
1.13993e+02	1.29072e-02	3.67000e+00
1.15128e+02	1.31076e-02	3.67000e+00
1.16263e+02	1.33105e-02	3.67000e+00
1.17398e+02	1.35161e-02	3.67000e+00
1.18532e+02	1.37244e-02	3.67000e+00
1.19665e+02	1.39355e-02	3.67000e+00
1.20798e+02	1.41493e-02	3.67000e+00
1.21930e+02	1.43660e-02	3.67000e+00
1.23062e+02	1.45857e-02	3.67000e+00
1.24193e+02	1.48083e-02	3.67000e+00
1.25324e+02	1.50340e-02	3.67000e+00
1.26454e+02	1.52628e-02	3.67000e+00
1.27583e+02	1.54948e-02	3.67000e+00
1.28712e+02	1.57300e-02	3.67000e+00
1.29840e+02	1.59686e-02	3.67000e+00
1.30968e+02	1.62105e-02	3.67000e+00
1.32095e+02	1.64559e-02	3.67000e+00
1.33221e+02	1.67048e-02	3.67000e+00
1.34346e+02	1.69573e-02	3.67000e+00
1.35471e+02	1.72135e-02	3.67000e+00
1.36594e+02	1.74735e-02	3.67000e+00
1.37718e+02	1.77373e-02	3.67000e+00
1.38840e+02	1.80051e-02	3.67000e+00
1.39961e+02	1.82768e-02	3.67000e+00
1.41082e+02	1.85527e-02	3.67000e+00
1.42202e+02	1.88328e-02	3.67000e+00
1.43321e+02	1.91171e-02	3.67000e+00
1.44439e+02	1.94058e-02	3.67000e+00
1.45556e+02	1.96991e-02	3.67000e+00
1.46673e+02	1.99969e-02	3.67000e+00
1.47788e+02	2.02993e-02	3.67000e+00
1.48902e+02	2.06066e-02	3.67000e+00
1.50016e+02	2.09188e-02	3.67000e+00
1.51128e+02	2.12360e-02	3.67000e+00
1.52239e+02	2.15583e-02	3.67000e+00
1.53350e+02	2.18858e-02	3.67000e+00
1.54459e+02	2.22187e-02	3.67000e+00
1.55567e+02	2.25571e-02	3.67000e+00
1.56674e+02	2.29011e-02	3.67000e+00
1.57779e+02	2.32509e-02	3.67000e+00
1.58884e+02	2.36065e-02	3.67000e+00
1.59987e+02	2.39682e-02	3.67000e+00
1.61089e+02	2.43360e-02	3.67000e+00
1.62190e+02	2.47102e-02	3.67000e+00
1.63289e+02	2.50908e-02	3.67000e+00
1.64387e+02	2.54780e-02	3.67000e+00
1.65483e+02	2.58720e-02	3.67000e+00
1.66578e+02	2.62730e-02	3.67000e+00
1.67672e+02	2.66811e-02	3.67000e+00
1.68764e+02	2.70964e-02	3.67000e+00
1.69854e+02	2.75193e-02	3.67000e+00
1.70943e+02	2.79498e-02	3.67000e+00
1.72030e+02	2.83881e-02	3.67000e+00
1.73116e+02	2.88345e-02	3.67000e+00
1.74199e+02	2.92891e-02	3.67000e+00
1.75281e+02	2.97522e-02	3.67000e+00
3.75972e+00	1.89935e-04	4.84000e+00
4.91465e+00	2.48284e-04	4.84000e+00
6.06953e+00	3.06652e-04	4.84000e+00
7.22436e+00	3.65044e-04	4.84000e+00
8.37915e+00	4.23467e-04	4.84000e+00
9.53389e+00	4.81929e-04	4.84000e+00
1.06886e+01	5.40437e-04	4.84000e+00
1.18432e+01	5.99000e-04	4.84000e+00
1.29978e+01	6.57625e-04	4.84000e+00
1.41524e+01	7.16321e-04	4.84000e+00
1.53069e+01	7.75098e-04	4.84000e+00
1.64613e+01	8.33963e-04	4.84000e+00
1.76157e+01	8.92927e-04	4.84000e+00
1.87701e+01	9.51998e-04	4.84000e+00
1.99244e+01	1.01119e-03	4.84000e+00
2.10786e+01	1.07050e-03	4.84000e+00
2.22328e+01	1.12996e-03	4.84000e+00
2.33870e+01	1.18956e-03	4.84000e+00
2.45411e+01	1.24931e-03	4.84000e+00
2.56951e+01	1.30924e-03	4.84000e+00
2.68491e+01	1.36934e-03	4.84000e+00
2.80031e+01	1.42964e-03	4.84000e+00
2.91570e+01	1.49013e-03	4.84000e+00
3.03108e+01	1.55083e-03	4.84000e+00
3.14646e+01	1.61175e-03	4.84000e+00
3.26183e+01	1.67291e-03	4.84000e+00
3.37719e+01	1.73431e-03	4.84000e+00
3.49255e+01	1.79596e-03	4.84000e+00
3.60791e+01	1.85788e-03	4.84000e+00
3.72325e+01	1.92007e-03	4.84000e+00
3.83860e+01	1.98255e-03	4.84000e+00
3.95393e+01	2.04534e-03	4.84000e+00
4.06926e+01	2.10843e-03	4.84000e+00
4.18458e+01	2.17184e-03	4.84000e+00
4.29990e+01	2.23559e-03	4.84000e+00
4.41520e+01	2.29969e-03	4.84000e+00
4.53050e+01	2.36415e-03	4.84000e+00
4.64580e+01	2.42897e-03	4.84000e+00
4.76108e+01	2.49418e-03	4.84000e+00
4.87636e+01	2.55978e-03	4.84000e+00
4.99164e+01	2.62579e-03	4.84000e+00
5.10690e+01	2.69222e-03	4.84000e+00
5.22215e+01	2.75908e-03	4.84000e+00
5.33740e+01	2.82638e-03	4.84000e+00
5.45264e+01	2.89414e-03	4.84000e+00
5.56787e+01	2.96237e-03	4.84000e+00
5.68309e+01	3.03109e-03	4.84000e+00
5.79831e+01	3.10030e-03	4.84000e+00
5.91351e+01	3.17002e-03	4.84000e+00
6.02870e+01	3.24026e-03	4.84000e+00
6.14389e+01	3.31104e-03	4.84000e+00
6.25907e+01	3.38237e-03	4.84000e+00
6.37423e+01	3.45426e-03	4.84000e+00
6.48939e+01	3.52673e-03	4.84000e+00
6.60453e+01	3.59979e-03	4.84000e+00
6.71967e+01	3.67346e-03	4.84000e+00
6.83479e+01	3.74774e-03	4.84000e+00
6.94990e+01	3.82266e-03	4.84000e+00
7.06500e+01	3.89824e-03	4.84000e+00
7.18009e+01	3.97447e-03	4.84000e+00
7.29517e+01	4.05139e-03	4.84000e+00
7.41023e+01	4.12900e-03	4.84000e+00
7.52529e+01	4.20733e-03	4.84000e+00
7.64033e+01	4.28638e-03	4.84000e+00
7.75536e+01	4.36617e-03	4.84000e+00
7.87037e+01	4.44672e-03	4.84000e+00
7.98537e+01	4.52805e-03	4.84000e+00
8.10036e+01	4.61017e-03	4.84000e+00
8.21533e+01	4.69310e-03	4.84000e+00
8.33029e+01	4.77686e-03	4.84000e+00
8.44523e+01	4.86146e-03	4.84000e+00
8.56016e+01	4.94693e-03	4.84000e+00
8.67507e+01	5.03328e-03	4.84000e+00
8.78996e+01	5.12052e-03	4.84000e+00
8.90484e+01	5.20869e-03	4.84000e+00
9.01971e+01	5.29779e-03	4.84000e+00
9.13455e+01	5.38785e-03	4.84000e+00
9.24938e+01	5.47888e-03	4.84000e+00
9.36419e+01	5.57092e-03	4.84000e+00
9.47898e+01	5.66397e-03	4.84000e+00
9.59376e+01	5.75806e-03	4.84000e+00
9.70851e+01	5.85320e-03	4.84000e+00
9.82325e+01	5.94943e-03	4.84000e+00
9.93796e+01	6.04677e-03	4.84000e+00
1.00527e+02	6.14523e-03	4.84000e+00
1.01673e+02	6.24484e-03	4.84000e+00
1.02820e+02	6.34562e-03	4.84000e+00
1.03966e+02	6.44760e-03	4.84000e+00
1.05112e+02	6.55080e-03	4.84000e+00
1.06258e+02	6.65525e-03	4.84000e+00
1.07404e+02	6.76097e-03	4.84000e+00
1.08549e+02	6.86799e-03	4.84000e+00
1.09694e+02	6.97633e-03	4.84000e+00
1.10839e+02	7.08603e-03	4.84000e+00
1.11984e+02	7.19710e-03	4.84000e+00
1.13128e+02	7.30959e-03	4.84000e+00
1.14272e+02	7.42351e-03	4.84000e+00
1.15416e+02	7.53889e-03	4.84000e+00
1.16559e+02	7.65578e-03	4.84000e+00
1.17703e+02	7.77419e-03	4.84000e+00
1.18846e+02	7.89416e-03	4.84000e+00
1.19988e+02	8.01573e-03	4.84000e+00
1.21131e+02	8.13892e-03	4.84000e+00
1.22273e+02	8.26377e-03	4.84000e+00
1.23414e+02	8.39031e-03	4.84000e+00
1.24556e+02	8.51859e-03	4.84000e+00
1.25697e+02	8.64863e-03	4.84000e+00
1.26837e+02	8.78047e-03	4.84000e+00
1.27978e+02	8.91416e-03	4.84000e+00
1.29118e+02	9.04972e-03	4.84000e+00
1.30257e+02	9.18721e-03	4.84000e+00
1.31396e+02	9.32666e-03	4.84000e+00
1.32535e+02	9.46811e-03	4.84000e+00
1.33674e+02	9.61162e-03	4.84000e+00
1.34812e+02	9.75721e-03	4.84000e+00
1.35949e+02	9.90494e-03	4.84000e+00
1.37086e+02	1.00549e-02	4.84000e+00
1.38223e+02	1.02070e-02	4.84000e+00
1.39359e+02	1.03614e-02	4.84000e+00
1.40495e+02	1.05182e-02	4.84000e+00
1.41630e+02	1.06773e-02	4.84000e+00
1.42765e+02	1.08389e-02	4.84000e+00
1.43900e+02	1.10030e-02	4.84000e+00
1.45033e+02	1.11696e-02	4.84000e+00
1.46167e+02	1.13388e-02	4.84000e+00
1.47300e+02	1.15107e-02	4.84000e+00
1.48432e+02	1.16853e-02	4.84000e+00
1.49563e+02	1.18626e-02	4.84000e+00
1.50695e+02	1.20429e-02	4.84000e+00
1.51825e+02	1.22260e-02	4.84000e+00
1.52955e+02	1.24121e-02	4.84000e+00
1.54084e+02	1.26013e-02	4.84000e+00
1.55213e+02	1.27936e-02	4.84000e+00
1.56341e+02	1.29891e-02	4.84000e+00
1.57468e+02	1.31878e-02	4.84000e+00
1.58595e+02	1.33899e-02	4.84000e+00
1.59721e+02	1.35955e-02	4.84000e+00
1.60846e+02	1.38045e-02	4.84000e+00
1.61971e+02	1.40171e-02	4.84000e+00
1.63095e+02	1.42334e-02	4.84000e+00
1.64218e+02	1.44535e-02	4.84000e+00
1.65340e+02	1.46775e-02	4.84000e+00
1.66461e+02	1.49054e-02	4.84000e+00
1.67582e+02	1.51373e-02	4.84000e+00
1.68701e+02	1.53734e-02	4.84000e+00
1.69820e+02	1.56138e-02	4.84000e+00
1.70938e+02	1.58585e-02	4.84000e+00
1.72055e+02	1.61077e-02	4.84000e+00
1.73171e+02	1.63615e-02	4.84000e+00
1.74286e+02	1.66200e-02	4.84000e+00
1.75400e+02	1.68833e-02	4.84000e+00
1.76513e+02	1.71515e-02	4.84000e+00
1.77625e+02	1.74249e-02	4.84000e+00
1.78736e+02	1.77034e-02	4.84000e+00
1.79846e+02	1.79873e-02	4.84000e+00
1.80955e+02	1.82767e-02	4.84000e+00
1.82062e+02	1.85717e-02	4.84000e+00
1.83168e+02	1.88725e-02	4.84000e+00
1.84273e+02	1.91793e-02	4.84000e+00
1.85377e+02	1.94921e-02	4.84000e+00
1.86479e+02	1.98112e-02	4.84000e+00
1.87580e+02	2.01367e-02	4.84000e+00
1.88680e+02	2.04688e-02	4.84000e+00
1.89778e+02	2.08078e-02	4.84000e+00
1.90875e+02	2.11537e-02	4.84000e+00
1.91970e+02	2.15067e-02	4.84000e+00
1.93064e+02	2.18672e-02	4.84000e+00
1.94156e+02	2.22353e-02	4.84000e+00
1.95246e+02	2.26111e-02	4.84000e+00
1.96335e+02	2.29950e-02	4.84000e+00
1.97422e+02	2.33871e-02	4.84000e+00
1.98507e+02	2.37877e-02	4.84000e+00
1.99590e+02	2.41971e-02	4.84000e+00
2.00672e+02	2.46155e-02	4.84000e+00
2.01751e+02	2.50431e-02	4.84000e+00
2.02828e+02	2.54803e-02	4.84000e+00
2.03904e+02	2.59273e-02	4.84000e+00
2.04977e+02	2.63844e-02	4.84000e+00
2.06048e+02	2.68520e-02	4.84000e+00
2.07116e+02	2.73303e-02	4.84000e+00
2.08183e+02	2.78196e-02	4.84000e+00
2.09246e+02	2.83204e-02	4.84000e+00
2.10308e+02	2.88330e-02	4.84000e+00
2.11367e+02	2.93577e-02	4.84000e+00
2.12423e+02	2.98949e-02	4.84000e+00
3.75985e+00	9.24126e-05	6.94000e+00
4.91487e+00	1.20792e-04	6.94000e+00
6.06986e+00	1.49179e-04	6.94000e+00
7.22483e+00	1.77579e-04	6.94000e+00
8.37978e+00	2.05993e-04	6.94000e+00
9.53470e+00	2.34426e-04	6.94000e+00
1.06896e+01	2.62882e-04	6.94000e+00
1.18445e+01	2.91364e-04	6.94000e+00
1.29993e+01	3.19876e-04	6.94000e+00
1.41542e+01	3.48422e-04	6.94000e+00
1.53090e+01	3.77008e-04	6.94000e+00
1.64638e+01	4.05636e-04	6.94000e+00
1.76185e+01	4.34312e-04	6.94000e+00
1.87733e+01	4.63040e-04	6.94000e+00
1.99280e+01	4.91826e-04	6.94000e+00
2.10827e+01	5.20673e-04	6.94000e+00
2.22373e+01	5.49586e-04	6.94000e+00
2.33920e+01	5.78571e-04	6.94000e+00
2.45466e+01	6.07633e-04	6.94000e+00
2.57012e+01	6.36776e-04	6.94000e+00
2.68557e+01	6.66005e-04	6.94000e+00
2.80103e+01	6.95327e-04	6.94000e+00
2.91648e+01	7.24745e-04	6.94000e+00
3.03193e+01	7.54265e-04	6.94000e+00
3.14737e+01	7.83893e-04	6.94000e+00
3.26281e+01	8.13633e-04	6.94000e+00
3.37825e+01	8.43492e-04	6.94000e+00
3.49369e+01	8.73474e-04	6.94000e+00
3.60913e+01	9.03585e-04	6.94000e+00
3.72456e+01	9.33831e-04	6.94000e+00
3.83998e+01	9.64217e-04	6.94000e+00
3.95541e+01	9.94749e-04	6.94000e+00
4.07083e+01	1.02543e-03	6.94000e+00
4.18625e+01	1.05627e-03	6.94000e+00
4.30166e+01	1.08727e-03	6.94000e+00
4.41708e+01	1.11844e-03	6.94000e+00
4.53248e+01	1.14979e-03	6.94000e+00
4.64789e+01	1.18132e-03	6.94000e+00
4.76329e+01	1.21303e-03	6.94000e+00
4.87869e+01	1.24493e-03	6.94000e+00
4.99408e+01	1.27703e-03	6.94000e+00
5.10947e+01	1.30934e-03	6.94000e+00
5.22486e+01	1.34185e-03	6.94000e+00
5.34024e+01	1.37458e-03	6.94000e+00
5.45562e+01	1.40754e-03	6.94000e+00
5.57099e+01	1.44072e-03	6.94000e+00
5.68636e+01	1.47414e-03	6.94000e+00
5.80173e+01	1.50780e-03	6.94000e+00
5.91709e+01	1.54170e-03	6.94000e+00
6.03245e+01	1.57587e-03	6.94000e+00
6.14780e+01	1.61029e-03	6.94000e+00
6.26315e+01	1.64498e-03	6.94000e+00
6.37849e+01	1.67994e-03	6.94000e+00
6.49383e+01	1.71519e-03	6.94000e+00
6.60916e+01	1.75072e-03	6.94000e+00
6.72449e+01	1.78655e-03	6.94000e+00
6.83981e+01	1.82268e-03	6.94000e+00
6.95512e+01	1.85912e-03	6.94000e+00
7.07044e+01	1.89588e-03	6.94000e+00
7.18574e+01	1.93296e-03	6.94000e+00
7.30104e+01	1.97037e-03	6.94000e+00
7.41633e+01	2.00812e-03	6.94000e+00
7.53162e+01	2.04622e-03	6.94000e+00
7.64690e+01	2.08467e-03	6.94000e+00
7.76218e+01	2.12349e-03	6.94000e+00
7.87745e+01	2.16267e-03	6.94000e+00
7.99271e+01	2.20223e-03	6.94000e+00
8.10797e+01	2.24218e-03	6.94000e+00
8.22321e+01	2.28252e-03	6.94000e+00
8.33846e+01	2.32327e-03	6.94000e+00
8.45369e+01	2.36442e-03	6.94000e+00
8.56892e+01	2.40600e-03	6.94000e+00
8.68413e+01	2.44801e-03	6.94000e+00
8.79935e+01	2.49045e-03	6.94000e+00
8.91455e+01	2.53335e-03	6.94000e+00
9.02974e+01	2.57670e-03	6.94000e+00
9.14493e+01	2.62051e-03	6.94000e+00
9.26011e+01	2.66481e-03	6.94000e+00
9.37528e+01	2.70958e-03	6.94000e+00
9.49044e+01	2.75486e-03	6.94000e+00
9.60559e+01	2.80064e-03	6.94000e+00
9.72074e+01	2.84694e-03	6.94000e+00
9.83587e+01	2.89376e-03	6.94000e+00
9.95099e+01	2.94113e-03	6.94000e+00
1.00661e+02	2.98904e-03	6.94000e+00
1.01812e+02	3.03752e-03	6.94000e+00
1.02963e+02	3.08656e-03	6.94000e+00
1.04114e+02	3.13619e-03	6.94000e+00
1.05265e+02	3.18642e-03	6.94000e+00
1.06415e+02	3.23726e-03	6.94000e+00
1.07566e+02	3.28871e-03	6.94000e+00
1.08716e+02	3.34080e-03	6.94000e+00
1.09866e+02	3.39354e-03	6.94000e+00
1.11016e+02	3.44693e-03	6.94000e+00
1.12166e+02	3.50100e-03	6.94000e+00
1.13316e+02	3.55576e-03	6.94000e+00
1.14466e+02	3.61121e-03	6.94000e+00
1.15616e+02	3.66739e-03	6.94000e+00
1.16765e+02	3.72429e-03	6.94000e+00
1.17914e+02	3.78194e-03	6.94000e+00
1.19064e+02	3.84036e-03	6.94000e+00
1.20213e+02	3.89955e-03	6.94000e+00
1.21362e+02	3.95953e-03	6.94000e+00
1.22510e+02	4.02033e-03	6.94000e+00
1.23659e+02	4.08195e-03	6.94000e+00
1.24807e+02	4.14442e-03	6.94000e+00
1.25956e+02	4.20775e-03	6.94000e+00
1.27104e+02	4.27196e-03	6.94000e+00
1.28251e+02	4.33707e-03	6.94000e+00
1.29399e+02	4.40310e-03	6.94000e+00
1.30547e+02	4.47007e-03	6.94000e+00
1.31694e+02	4.53800e-03	6.94000e+00
1.32841e+02	4.60691e-03	6.94000e+00
1.33988e+02	4.67682e-03	6.94000e+00
1.35135e+02	4.74776e-03	6.94000e+00
1.36282e+02	4.81973e-03	6.94000e+00
1.37428e+02	4.89278e-03	6.94000e+00
1.38574e+02	4.96692e-03	6.94000e+00
1.39720e+02	5.04217e-03	6.94000e+00
1.40866e+02	5.11857e-03	6.94000e+00
1.42011e+02	5.19612e-03	6.94000e+00
1.43157e+02	5.27487e-03	6.94000e+00
1.44302e+02	5.35484e-03	6.94000e+00
1.45446e+02	5.43606e-03	6.94000e+00
1.46591e+02	5.51855e-03	6.94000e+00
1.47735e+02	5.60234e-03	6.94000e+00
1.48879e+02	5.68746e-03	6.94000e+00
1.50023e+02	5.77395e-03	6.94000e+00
1.51166e+02	5.86183e-03	6.94000e+00
1.52309e+02	5.95114e-03	6.94000e+00
1.53452e+02	6.04191e-03	6.94000e+00
1.54595e+02	6.13418e-03	6.94000e+00
1.55737e+02	6.22797e-03	6.94000e+00
1.56879e+02	6.32333e-03	6.94000e+00
1.58021e+02	6.42029e-03	6.94000e+00
1.59162e+02	6.51889e-03	6.94000e+00
1.60303e+02	6.61918e-03	6.94000e+00
1.61443e+02	6.72118e-03	6.94000e+00
1.62584e+02	6.82494e-03	6.94000e+00
1.63723e+02	6.93051e-03	6.94000e+00
1.64863e+02	7.03793e-03	6.94000e+00
1.66002e+02	7.14725e-03	6.94000e+00
1.67141e+02	7.25850e-03	6.94000e+00
1.68279e+02	7.37175e-03	6.94000e+00
1.69417e+02	7.48703e-03	6.94000e+00
1.70554e+02	7.60441e-03	6.94000e+00
1.71691e+02	7.72393e-03	6.94000e+00
1.72828e+02	7.84565e-03	6.94000e+00
1.73964e+02	7.96962e-03	6.94000e+00
1.75100e+02	8.09590e-03	6.94000e+00
1.76235e+02	8.22456e-03	6.94000e+00
1.77369e+02	8.35565e-03	6.94000e+00
1.78504e+02	8.48924e-03	6.94000e+00
1.79637e+02	8.62538e-03	6.94000e+00
1.80770e+02	8.76416e-03	6.94000e+00
1.81903e+02	8.90564e-03	6.94000e+00
1.83035e+02	9.04990e-03	6.94000e+00
1.84166e+02	9.19700e-03	6.94000e+00
1.85297e+02	9.34702e-03	6.94000e+00
1.86427e+02	9.50005e-03	6.94000e+00
1.87556e+02	9.65616e-03	6.94000e+00
1.88685e+02	9.81545e-03	6.94000e+00
1.89813e+02	9.97800e-03	6.94000e+00
1.90941e+02	1.01439e-02	6.94000e+00
1.92067e+02	1.03132e-02	6.94000e+00
1.93193e+02	1.04861e-02	6.94000e+00
1.94319e+02	1.06626e-02	6.94000e+00
1.95443e+02	1.08429e-02	6.94000e+00
1.96567e+02	1.10270e-02	6.94000e+00
1.97689e+02	1.12151e-02	6.94000e+00
1.98811e+02	1.14073e-02	6.94000e+00
1.99932e+02	1.16037e-02	6.94000e+00
2.01053e+02	1.18044e-02	6.94000e+00
2.02172e+02	1.20095e-02	6.94000e+00
2.03290e+02	1.22193e-02	6.94000e+00
2.04407e+02	1.24338e-02	6.94000e+00
2.05524e+02	1.26531e-02	6.94000e+00
2.06639e+02	1.28775e-02	6.94000e+00
2.07753e+02	1.31070e-02	6.94000e+00
2.08866e+02	1.33419e-02	6.94000e+00
2.09978e+02	1.35823e-02	6.94000e+00
2.11089e+02	1.38283e-02	6.94000e+00
2.12198e+02	1.40802e-02	6.94000e+00
2.13306e+02	1.43382e-02	6.94000e+00
2.14413e+02	1.46023e-02	6.94000e+00
2.15519e+02	1.48730e-02	6.94000e+00
2.16623e+02	1.51502e-02	6.94000e+00
2.17726e+02	1.54343e-02	6.94000e+00
2.18827e+02	1.57255e-02	6.94000e+00
2.19927e+02	1.60241e-02	6.94000e+00
2.21025e+02	1.63302e-02	6.94000e+00
2.22122e+02	1.66441e-02	6.94000e+00
2.23216e+02	1.69661e-02	6.94000e+00
2.24310e+02	1.72965e-02	6.94000e+00
2.25401e+02	1.76355e-02	6.94000e+00
2.26490e+02	1.79835e-02	6.94000e+00
2.27578e+02	1.83408e-02	6.94000e+00
2.28663e+02	1.87076e-02	6.94000e+00
2.29747e+02	1.90844e-02	6.94000e+00
2.30828e+02	1.94715e-02	6.94000e+00
2.31907e+02	1.98693e-02	6.94000e+00
2.32984e+02	2.02781e-02	6.94000e+00
2.34058e+02	2.06984e-02	6.94000e+00
2.35130e+02	2.11305e-02	6.94000e+00
2.36200e+02	2.15750e-02	6.94000e+00
2.37266e+02	2.20323e-02	6.94000e+00
2.38330e+02	2.25028e-02	6.94000e+00
2.39392e+02	2.29871e-02	6.94000e+00
2.40450e+02	2.34858e-02	6.94000e+00
2.41505e+02	2.39992e-02	6.94000e+00
2.42557e+02	2.45282e-02	6.94000e+00
2.43606e+02	2.50731e-02	6.94000e+00
2.44651e+02	2.56348e-02	6.94000e+00
2.45692e+02	2.62138e-02	6.94000e+00
2.46730e+02	2.68108e-02	6.94000e+00
2.47765e+02	2.74261e-02	6.94000e+00
2.48796e+02	2.80579e-02	6.94000e+00
2.49827e+02	2.87052e-02	6.94000e+00
2.50856e+02	2.93674e-02	6.94000e+00
3.75993e+00	3.02943e-05	1.21300e+01
4.91500e+00	3.95837e-05	1.21300e+01
6.07007e+00	4.88759e-05	1.21300e+01
7.22513e+00	5.81719e-05	1.21300e+01
8.38018e+00	6.74729e-05	1.21300e+01
9.53522e+00	7.67799e-05	1.21300e+01
1.06903e+01	8.60941e-05	1.21300e+01
1.18453e+01	9.54170e-05	1.21300e+01
1.30003e+01	1.04750e-04	1.21300e+01
1.41553e+01	1.14094e-04	1.21300e+01
1.53103e+01	1.23450e-04	1.21300e+01
1.64653e+01	1.32821e-04	1.21300e+01
1.76203e+01	1.42207e-04	1.21300e+01
1.87753e+01	1.51611e-04	1.21300e+01
1.99303e+01	1.61033e-04	1.21300e+01
2.10852e+01	1.70475e-04	1.21300e+01
2.22402e+01	1.79939e-04	1.21300e+01
2.33951e+01	1.89426e-04	1.21300e+01
2.45501e+01	1.98938e-04	1.21300e+01
2.57050e+01	2.08477e-04	1.21300e+01
2.68599e+01	2.18044e-04	1.21300e+01
2.80149e+01	2.27641e-04	1.21300e+01
2.91698e+01	2.37270e-04	1.21300e+01
3.03247e+01	2.46933e-04	1.21300e+01
3.14795e+01	2.56630e-04	1.21300e+01
3.26344e+01	2.66365e-04	1.21300e+01
3.37893e+01	2.76138e-04	1.21300e+01
3.49442e+01	2.85951e-04	1.21300e+01
3.60990e+01	2.95807e-04	1.21300e+01
3.72539e+01	3.05706e-04	1.21300e+01
3.84087e+01	3.15652e-04	1.21300e+01
3.95635e+01	3.25645e-04	1.21300e+01
4.07183e+01	3.35688e-04	1.21300e+01
4.18731e+01	3.45782e-04	1.21300e+01
4.30279e+01	3.55929e-04	1.21300e+01
4.41827e+01	3.66132e-04	1.21300e+01
4.53375e+01	3.76391e-04	1.21300e+01
4.64922e+01	3.86710e-04	1.21300e+01
4.76470e+01	3.97089e-04	1.21300e+01
4.88017e+01	4.07531e-04	1.21300e+01
4.99564e+01	4.18038e-04	1.21300e+01
5.11111e+01	4.28612e-04	1.21300e+01
5.22658e+01	4.39255e-04	1.21300e+01
5.34205e+01	4.49968e-04	1.21300e+01
5.45752e+01	4.60755e-04	1.21300e+01
5.57298e+01	4.71616e-04	1.21300e+01
5.68845e+01	4.82554e-04	1.21300e+01
5.80391e+01	4.93571e-04	1.21300e+01
5.91937e+01	5.04670e-04	1.21300e+01
6.03483e+01	5.15851e-04	1.21300e+01
6.15029e+01	5.27119e-04	1.21300e+01
6.26574e+01	5.38474e-04	1.21300e+01
6.38120e+01	5.49918e-04	1.21300e+01
6.49665e+01	5.61455e-04	1.21300e+01
6.61211e+01	5.73086e-04	1.21300e+01
6.72756e+01	5.84814e-04	1.21300e+01
6.84300e+01	5.96641e-04	1.21300e+01
6.95845e+01	6.08569e-04	1.21300e+01
7.07390e+01	6.20601e-04	1.21300e+01
7.18934e+01	6.32739e-04	1.21300e+01
7.30478e+01	6.44985e-04	1.21300e+01
7.42022e+01	6.57343e-04	1.21300e+01
7.53566e+01	6.69814e-04	1.21300e+01
7.65109e+01	6.82401e-04	1.21300e+01
7.76653e+01	6.95106e-04	1.21300e+01
7.88196e+01	7.07933e-04	1.21300e+01
7.99739e+01	7.20884e-04	1.21300e+01
8.11281e+01	7.33961e-04	1.21300e+01
8.22824e+01	7.47168e-04	1.21300e+01
8.34366e+01	7.60506e-04	1.21300e+01
8.45908e+01	7.73980e-04	1.21300e+01
8.57450e+01	7.87591e-04	1.21300e+01
8.68991e+01	8.01343e-04	1.21300e+01
8.80532e+01	8.15239e-04	1.21300e+01
8.92073e+01	8.29282e-04	1.21300e+01
9.03614e+01	8.43474e-04	1.21300e+01
9.15154e+01	8.57819e-04	1.21300e+01
9.26695e+01	8.72320e-04	1.21300e+01
9.38234e+01	8.86981e-04	1.21300e+01
9.49774e+01	9.01804e-04	1.21300e+01
9.61313e+01	9.16794e-04	1.21300e+01
9.72852e+01	9.31952e-04	1.21300e+01
9.84391e+01	9.47284e-04	1.21300e+01
9.95929e+01	9.62792e-04	1.21300e+01
1.00747e+02	9.78481e-04	1.21300e+01
1.01900e+02	9.94353e-04	1.21300e+01
1.03054e+02	1.01041e-03	1.21300e+01
1.04208e+02	1.02666e-03	1.21300e+01
1.05362e+02	1.04311e-03	1.21300e+01
1.06515e+02	1.05976e-03	1.21300e+01
1.07669e+02	1.07661e-03	1.21300e+01
1.08822e+02	1.09367e-03	1.21300e+01
1.09976e+02	1.11093e-03	1.21300e+01
1.11129e+02	1.12842e-03	1.21300e+01
1.12283e+02	1.14613e-03	1.21300e+01
1.13436e+02	1.16406e-03	1.21300e+01
1.14590e+02	1.18222e-03	1.21300e+01
1.15743e+02	1.20062e-03	1.21300e+01
1.16896e+02	1.21926e-03	1.21300e+01
1.18049e+02	1.23814e-03	1.21300e+01
1.19202e+02	1.25727e-03	1.21300e+01
1.20356e+02	1.27666e-03	1.21300e+01
1.21509e+02	1.29631e-03	1.21300e+01
1.22662e+02	1.31622e-03	1.21300e+01
1.23815e+02	1.33641e-03	1.21300e+01
1.24968e+02	1.35687e-03	1.21300e+01
1.26120e+02	1.37762e-03	1.21300e+01
1.27273e+02	1.39865e-03	1.21300e+01
1.28426e+02	1.41998e-03	1.21300e+01
1.29579e+02	1.44162e-03	1.21300e+01
1.30731e+02	1.46356e-03	1.21300e+01
1.31884e+02	1.48581e-03	1.21300e+01
1.33036e+02	1.50839e-03	1.21300e+01
1.34189e+02	1.53130e-03	1.21300e+01
1.35341e+02	1.55454e-03	1.21300e+01
1.36493e+02	1.57812e-03	1.21300e+01
1.37646e+02	1.60206e-03	1.21300e+01
1.38798e+02	1.62635e-03	1.21300e+01
1.39950e+02	1.65101e-03	1.21300e+01
1.41102e+02	1.67605e-03	1.21300e+01
1.42254e+02	1.70147e-03	1.21300e+01
1.43406e+02	1.72728e-03	1.21300e+01
1.44558e+02	1.75349e-03	1.21300e+01
1.45709e+02	1.78011e-03	1.21300e+01
1.46861e+02	1.80714e-03	1.21300e+01
1.48013e+02	1.83461e-03	1.21300e+01
1.49164e+02	1.86251e-03	1.21300e+01
1.50315e+02	1.89087e-03	1.21300e+01
1.51467e+02	1.91968e-03	1.21300e+01
1.52618e+02	1.94896e-03	1.21300e+01
1.53769e+02	1.97871e-03	1.21300e+01
1.54920e+02	2.00897e-03	1.21300e+01
1.56071e+02	2.03972e-03	1.21300e+01
1.57222e+02	2.07099e-03	1.21300e+01
1.58372e+02	2.10278e-03	1.21300e+01
1.59523e+02	2.13512e-03	1.21300e+01
1.60673e+02	2.16800e-03	1.21300e+01
1.61824e+02	2.20146e-03	1.21300e+01
1.62974e+02	2.23549e-03	1.21300e+01
1.64124e+02	2.27012e-03	1.21300e+01
1.65274e+02	2.30535e-03	1.21300e+01
1.66424e+02	2.34121e-03	1.21300e+01
1.67574e+02	2.37771e-03	1.21300e+01
1.68723e+02	2.41486e-03	1.21300e+01
1.69873e+02	2.45269e-03	1.21300e+01
1.71022e+02	2.49120e-03	1.21300e+01
1.72171e+02	2.53042e-03	1.21300e+01
1.73320e+02	2.57036e-03	1.21300e+01
1.74469e+02	2.61105e-03	1.21300e+01
1.75618e+02	2.65249e-03	1.21300e+01
1.76766e+02	2.69472e-03	1.21300e+01
1.77915e+02	2.73775e-03	1.21300e+01
1.79063e+02	2.78160e-03	1.21300e+01
1.80211e+02	2.82630e-03	1.21300e+01
1.81359e+02	2.87186e-03	1.21300e+01
1.82507e+02	2.91832e-03	1.21300e+01
1.83654e+02	2.96568e-03	1.21300e+01
1.84801e+02	3.01399e-03	1.21300e+01
1.85949e+02	3.06326e-03	1.21300e+01
1.87096e+02	3.11353e-03	1.21300e+01
1.88242e+02	3.16481e-03	1.21300e+01
1.89389e+02	3.21713e-03	1.21300e+01
1.90535e+02	3.27054e-03	1.21300e+01
1.91681e+02	3.32504e-03	1.21300e+01
1.92827e+02	3.38069e-03	1.21300e+01
1.93972e+02	3.43750e-03	1.21300e+01
1.95118e+02	3.49552e-03	1.21300e+01
1.96263e+02	3.55478e-03	1.21300e+01
1.97408e+02	3.61531e-03	1.21300e+01
1.98552e+02	3.67715e-03	1.21300e+01
1.99696e+02	3.74034e-03	1.21300e+01
2.00840e+02	3.80492e-03	1.21300e+01
2.01984e+02	3.87093e-03	1.21300e+01
2.03127e+02	3.93841e-03	1.21300e+01
2.04270e+02	4.00741e-03	1.21300e+01
2.05413e+02	4.07798e-03	1.21300e+01
2.06556e+02	4.15016e-03	1.21300e+01
2.07698e+02	4.22400e-03	1.21300e+01
2.08839e+02	4.29955e-03	1.21300e+01
2.09981e+02	4.37687e-03	1.21300e+01
2.11122e+02	4.45602e-03	1.21300e+01
2.12262e+02	4.53705e-03	1.21300e+01
2.13402e+02	4.62001e-03	1.21300e+01
2.14542e+02	4.70498e-03	1.21300e+01
2.15681e+02	4.79202e-03	1.21300e+01
2.16820e+02	4.88119e-03	1.21300e+01
2.17959e+02	4.97258e-03	1.21300e+01
2.19097e+02	5.06624e-03	1.21300e+01
2.20234e+02	5.16225e-03	1.21300e+01
2.21371e+02	5.26070e-03	1.21300e+01
2.22508e+02	5.36167e-03	1.21300e+01
2.23644e+02	5.46524e-03	1.21300e+01
2.24779e+02	5.57151e-03	1.21300e+01
2.25914e+02	5.68056e-03	1.21300e+01
2.27048e+02	5.79249e-03	1.21300e+01
2.28182e+02	5.90741e-03	1.21300e+01
2.29315e+02	6.02543e-03	1.21300e+01
2.30447e+02	6.14664e-03	1.21300e+01
2.31578e+02	6.27118e-03	1.21300e+01
2.32709e+02	6.39915e-03	1.21300e+01
2.33840e+02	6.53069e-03	1.21300e+01
2.34969e+02	6.66593e-03	1.21300e+01
2.36098e+02	6.80500e-03	1.21300e+01
2.37226e+02	6.94805e-03	1.21300e+01
2.38353e+02	7.09523e-03	1.21300e+01
2.39479e+02	7.24670e-03	1.21300e+01
2.40604e+02	7.40263e-03	1.21300e+01
2.41729e+02	7.56318e-03	1.21300e+01
2.42852e+02	7.72855e-03	1.21300e+01
2.43974e+02	7.89891e-03	1.21300e+01
2.45096e+02	8.07447e-03	1.21300e+01
2.46216e+02	8.25544e-03	1.21300e+01
2.47335e+02	8.44205e-03	1.21300e+01
2.48453e+02	8.63451e-03	1.21300e+01
2.49570e+02	8.83307e-03	1.21300e+01
2.50685e+02	9.03800e-03	1.21300e+01
2.51799e+02	9.24955e-03	1.21300e+01
2.52912e+02	9.46800e-03	1.21300e+01
2.54024e+02	9.69367e-03	1.21300e+01
2.55133e+02	9.92685e-03	1.21300e+01
2.56242e+02	1.01679e-02	1.21300e+01
2.57348e+02	1.04171e-02	1.21300e+01
2.58454e+02	1.06749e-02	1.21300e+01
2.59557e+02	1.09416e-02	1.21300e+01
2.60658e+02	1.12177e-02	1.21300e+01
2.61758e+02	1.15035e-02	1.21300e+01
2.62856e+02	1.17996e-02	1.21300e+01
2.63951e+02	1.21064e-02	1.21300e+01
2.65044e+02	1.24245e-02	1.21300e+01
2.66135e+02	1.27543e-02	1.21300e+01
2.67224e+02	1.30964e-02	1.21300e+01
2.68310e+02	1.34514e-02	1.21300e+01
2.69394e+02	1.38200e-02	1.21300e+01
2.70475e+02	1.42029e-02	1.21300e+01
2.71553e+02	1.46007e-02	1.21300e+01
2.72628e+02	1.50142e-02	1.21300e+01
2.73700e+02	1.54443e-02	1.21300e+01
2.74769e+02	1.58909e-02	1.21300e+01
2.75837e+02	1.63526e-02	1.21300e+01
2.76904e+02	1.68284e-02	1.21300e+01
2.77970e+02	1.73182e-02	1.21300e+01
2.79037e+02	1.78216e-02	1.21300e+01
2.80104e+02	1.83386e-02	1.21300e+01
2.81173e+02	1.88692e-02	1.21300e+01
2.82243e+02	1.94135e-02	1.21300e+01
2.83315e+02	1.99716e-02	1.21300e+01
2.84389e+02	2.05438e-02	1.21300e+01
2.85466e+02	2.11302e-02	1.21300e+01
2.86546e+02	2.17313e-02	1.21300e+01
2.87630e+02	2.23472e-02	1.21300e+01
2.88718e+02	2.29785e-02	1.21300e+01
2.89810e+02	2.36256e-02	1.21300e+01
2.90907e+02	2.42889e-02	1.21300e+01
2.92009e+02	2.49691e-02	1.21300e+01
2.93117e+02	2.56666e-02	1.21300e+01
2.94231e+02	2.63823e-02	1.21300e+01
2.95353e+02	2.71168e-02	1.21300e+01
