# BEGIN METADATA
# {
#   "authors": "L. D. Wittwer, S. Aland",
#   "channel_width": 20.0,
#   "channel_width_unit": "um",
#   "date": "2022-08-26",
#   "dimensionality": "3D",
#   "flow_rate": 0.04,
#   "flow_rate_unit": "uL/s",
#   "fluid_consistency_coefficient": 0.4057,
#   "fluid_consistency_coefficient_unit": "Pa s",
#   "fluid_density": 1000.0,
#   "fluid_density_unit": "kg m^-3",
#   "fluid_flow_behaviour_index": 0.6039,
#   "fluid_flow_behaviour_index_unit": "",
#   "fluid_viscosity": 6.0,
#   "fluid_viscosity_unit": "mPa s",
#   "lut identifier": "HE-3D-FEM-22",
#   "method": "FEM",
#   "model": "hyper-elastic solid / non-Newtonian fluid",
#   "software": "COMSOL 5.5",
#   "solid_density": 1000.0,
#   "solid_density_unit": "kg m^-3",
#   "summary": "3D FEM simulation with a hyper-elastic elasticity model and non-Newtonian fluid"
# }
# END METADATA
#
# area_um [um^2]	deform	emodulus [kPa]
3.03214e+01	2.71492e-02	5.50000e-01
3.07322e+01	2.75998e-02	5.50000e-01
3.10940e+01	2.80043e-02	5.50000e-01
3.14329e+01	2.84088e-02	5.50000e-01
3.17717e+01	2.88132e-02	5.50000e-01
3.21105e+01	2.92177e-02	5.50000e-01
3.24427e+01	2.96222e-02	5.50000e-01
3.27734e+01	3.00266e-02	5.50000e-01
3.30929e+01	3.04311e-02	5.50000e-01
3.34111e+01	3.08356e-02	5.50000e-01
3.37059e+01	3.12401e-02	5.50000e-01
3.40031e+01	3.16445e-02	5.50000e-01
3.43069e+01	3.20490e-02	5.50000e-01
3.46113e+01	3.24535e-02	5.50000e-01
3.49164e+01	3.28580e-02	5.50000e-01
3.52400e+01	3.32624e-02	5.50000e-01
3.55677e+01	3.36669e-02	5.50000e-01
3.58953e+01	3.40714e-02	5.50000e-01
3.62272e+01	3.44759e-02	5.50000e-01
3.65488e+01	3.48803e-02	5.50000e-01
3.68498e+01	3.52848e-02	5.50000e-01
3.71520e+01	3.56893e-02	5.50000e-01
3.74517e+01	3.60938e-02	5.50000e-01
3.77802e+01	3.64982e-02	5.50000e-01
3.80909e+01	3.69027e-02	5.50000e-01
3.83187e+01	3.73072e-02	5.50000e-01
3.85600e+01	3.77117e-02	5.50000e-01
3.88376e+01	3.81161e-02	5.50000e-01
3.91152e+01	3.85206e-02	5.50000e-01
3.93928e+01	3.89251e-02	5.50000e-01
3.96662e+01	3.93296e-02	5.50000e-01
3.99103e+01	3.97340e-02	5.50000e-01
4.01544e+01	4.01385e-02	5.50000e-01
4.03984e+01	4.05430e-02	5.50000e-01
4.06425e+01	4.09475e-02	5.50000e-01
4.08921e+01	4.13519e-02	5.50000e-01
4.11849e+01	4.17564e-02	5.50000e-01
4.14543e+01	4.21609e-02	5.50000e-01
4.16876e+01	4.25654e-02	5.50000e-01
4.19209e+01	4.29698e-02	5.50000e-01
4.21542e+01	4.33743e-02	5.50000e-01
4.23855e+01	4.37788e-02	5.50000e-01
4.26136e+01	4.41833e-02	5.50000e-01
4.28384e+01	4.45877e-02	5.50000e-01
4.30506e+01	4.49922e-02	5.50000e-01
4.32455e+01	4.53967e-02	5.50000e-01
4.34578e+01	4.58012e-02	5.50000e-01
4.36957e+01	4.62056e-02	5.50000e-01
4.39337e+01	4.66101e-02	5.50000e-01
4.41717e+01	4.70146e-02	5.50000e-01
4.44087e+01	4.74191e-02	5.50000e-01
4.46077e+01	4.78235e-02	5.50000e-01
4.47842e+01	4.82280e-02	5.50000e-01
4.49608e+01	4.86325e-02	5.50000e-01
4.51373e+01	4.90370e-02	5.50000e-01
4.53139e+01	4.94414e-02	5.50000e-01
4.54930e+01	4.98459e-02	5.50000e-01
4.56897e+01	5.02504e-02	5.50000e-01
4.59070e+01	5.06549e-02	5.50000e-01
4.61486e+01	5.10593e-02	5.50000e-01
4.63563e+01	5.14638e-02	5.50000e-01
4.65408e+01	5.18683e-02	5.50000e-01
4.67254e+01	5.22728e-02	5.50000e-01
4.69100e+01	5.26772e-02	5.50000e-01
4.70945e+01	5.30817e-02	5.50000e-01
4.72744e+01	5.34862e-02	5.50000e-01
4.74506e+01	5.38907e-02	5.50000e-01
4.76216e+01	5.42951e-02	5.50000e-01
4.77968e+01	5.46996e-02	5.50000e-01
4.80107e+01	5.51041e-02	5.50000e-01
4.82474e+01	5.55086e-02	5.50000e-01
4.85006e+01	5.59130e-02	5.50000e-01
4.87536e+01	5.63175e-02	5.50000e-01
4.90064e+01	5.67220e-02	5.50000e-01
4.92566e+01	5.71265e-02	5.50000e-01
4.94196e+01	5.75309e-02	5.50000e-01
4.95901e+01	5.79354e-02	5.50000e-01
4.98033e+01	5.83399e-02	5.50000e-01
4.99634e+01	5.87443e-02	5.50000e-01
5.01388e+01	5.91488e-02	5.50000e-01
5.03427e+01	5.95533e-02	5.50000e-01
5.04999e+01	5.99578e-02	5.50000e-01
5.06807e+01	6.03622e-02	5.50000e-01
3.03214e+01	1.70045e-02	6.70000e-01
3.10378e+01	1.74879e-02	6.70000e-01
3.16373e+01	1.78924e-02	6.70000e-01
3.22368e+01	1.82969e-02	6.70000e-01
3.28670e+01	1.87014e-02	6.70000e-01
3.35355e+01	1.91058e-02	6.70000e-01
3.41994e+01	1.95103e-02	6.70000e-01
3.47482e+01	1.99148e-02	6.70000e-01
3.53217e+01	2.03193e-02	6.70000e-01
3.59160e+01	2.07237e-02	6.70000e-01
3.65101e+01	2.11282e-02	6.70000e-01
3.71021e+01	2.15327e-02	6.70000e-01
3.76930e+01	2.19372e-02	6.70000e-01
3.82837e+01	2.23416e-02	6.70000e-01
3.88463e+01	2.27461e-02	6.70000e-01
3.93666e+01	2.31506e-02	6.70000e-01
3.98808e+01	2.35551e-02	6.70000e-01
4.03990e+01	2.39595e-02	6.70000e-01
4.09175e+01	2.43640e-02	6.70000e-01
4.14368e+01	2.47685e-02	6.70000e-01
4.19479e+01	2.51649e-02	6.70000e-01
4.24820e+01	2.55774e-02	6.70000e-01
4.30057e+01	2.59819e-02	6.70000e-01
4.35293e+01	2.63864e-02	6.70000e-01
4.40053e+01	2.67909e-02	6.70000e-01
4.44556e+01	2.71953e-02	6.70000e-01
4.49140e+01	2.75998e-02	6.70000e-01
4.53730e+01	2.80043e-02	6.70000e-01
4.58415e+01	2.84088e-02	6.70000e-01
4.63116e+01	2.88132e-02	6.70000e-01
4.67852e+01	2.92177e-02	6.70000e-01
4.72777e+01	2.96222e-02	6.70000e-01
4.77612e+01	3.00192e-02	6.70000e-01
4.82629e+01	3.04311e-02	6.70000e-01
4.87500e+01	3.08356e-02	6.70000e-01
4.91582e+01	3.12401e-02	6.70000e-01
4.95784e+01	3.16445e-02	6.70000e-01
5.00061e+01	3.20490e-02	6.70000e-01
5.04721e+01	3.24535e-02	6.70000e-01
5.09467e+01	3.28580e-02	6.70000e-01
5.14213e+01	3.32624e-02	6.70000e-01
5.18959e+01	3.36669e-02	6.70000e-01
5.23706e+01	3.40714e-02	6.70000e-01
5.28452e+01	3.44759e-02	6.70000e-01
5.33198e+01	3.48803e-02	6.70000e-01
5.37852e+01	3.52848e-02	6.70000e-01
5.41768e+01	3.56893e-02	6.70000e-01
5.45683e+01	3.60938e-02	6.70000e-01
5.49626e+01	3.64982e-02	6.70000e-01
5.53591e+01	3.69027e-02	6.70000e-01
5.57556e+01	3.73072e-02	6.70000e-01
5.61524e+01	3.77117e-02	6.70000e-01
5.65491e+01	3.81161e-02	6.70000e-01
5.69459e+01	3.85206e-02	6.70000e-01
5.73427e+01	3.89251e-02	6.70000e-01
5.77394e+01	3.93296e-02	6.70000e-01
5.81362e+01	3.97340e-02	6.70000e-01
5.85330e+01	4.01385e-02	6.70000e-01
5.88839e+01	4.05430e-02	6.70000e-01
5.92026e+01	4.09475e-02	6.70000e-01
5.95369e+01	4.13519e-02	6.70000e-01
5.98940e+01	4.17564e-02	6.70000e-01
6.02526e+01	4.21609e-02	6.70000e-01
6.06157e+01	4.25654e-02	6.70000e-01
6.09938e+01	4.29698e-02	6.70000e-01
6.13719e+01	4.33743e-02	6.70000e-01
6.17500e+01	4.37788e-02	6.70000e-01
6.21281e+01	4.41833e-02	6.70000e-01
6.25063e+01	4.45877e-02	6.70000e-01
6.28758e+01	4.49830e-02	6.70000e-01
6.32625e+01	4.53967e-02	6.70000e-01
6.36380e+01	4.58012e-02	6.70000e-01
6.39798e+01	4.62056e-02	6.70000e-01
6.43162e+01	4.66101e-02	6.70000e-01
6.46526e+01	4.70146e-02	6.70000e-01
6.49890e+01	4.74191e-02	6.70000e-01
6.53254e+01	4.78235e-02	6.70000e-01
6.56618e+01	4.82280e-02	6.70000e-01
6.59981e+01	4.86325e-02	6.70000e-01
6.63345e+01	4.90370e-02	6.70000e-01
6.66709e+01	4.94414e-02	6.70000e-01
6.70073e+01	4.98459e-02	6.70000e-01
6.73343e+01	5.02504e-02	6.70000e-01
6.76532e+01	5.06549e-02	6.70000e-01
6.79527e+01	5.10593e-02	6.70000e-01
6.82446e+01	5.14638e-02	6.70000e-01
6.85365e+01	5.18683e-02	6.70000e-01
6.88683e+01	5.22728e-02	6.70000e-01
6.92070e+01	5.26772e-02	6.70000e-01
6.95457e+01	5.30817e-02	6.70000e-01
6.98844e+01	5.34862e-02	6.70000e-01
7.02231e+01	5.38907e-02	6.70000e-01
7.05146e+01	5.42951e-02	6.70000e-01
7.07678e+01	5.46996e-02	6.70000e-01
7.10211e+01	5.51041e-02	6.70000e-01
7.12743e+01	5.55086e-02	6.70000e-01
7.15275e+01	5.59130e-02	6.70000e-01
7.17807e+01	5.63175e-02	6.70000e-01
7.20339e+01	5.67220e-02	6.70000e-01
7.22735e+01	5.71265e-02	6.70000e-01
7.25027e+01	5.75309e-02	6.70000e-01
7.27320e+01	5.79354e-02	6.70000e-01
7.29612e+01	5.83399e-02	6.70000e-01
7.31904e+01	5.87443e-02	6.70000e-01
7.34369e+01	5.91488e-02	6.70000e-01
7.37172e+01	5.95533e-02	6.70000e-01
7.39974e+01	5.99578e-02	6.70000e-01
7.42776e+01	6.03622e-02	6.70000e-01
7.45579e+01	6.07667e-02	6.70000e-01
7.48381e+01	6.11712e-02	6.70000e-01
7.51184e+01	6.15757e-02	6.70000e-01
7.53604e+01	6.19801e-02	6.70000e-01
7.55828e+01	6.23846e-02	6.70000e-01
7.58051e+01	6.27891e-02	6.70000e-01
7.60275e+01	6.31936e-02	6.70000e-01
7.62499e+01	6.35980e-02	6.70000e-01
7.64722e+01	6.40025e-02	6.70000e-01
7.66942e+01	6.44070e-02	6.70000e-01
7.69159e+01	6.48115e-02	6.70000e-01
7.71308e+01	6.52159e-02	6.70000e-01
7.73441e+01	6.56204e-02	6.70000e-01
7.75465e+01	6.60249e-02	6.70000e-01
7.77720e+01	6.64294e-02	6.70000e-01
7.79567e+01	6.68338e-02	6.70000e-01
7.81675e+01	6.72383e-02	6.70000e-01
7.83786e+01	6.76428e-02	6.70000e-01
3.03214e+01	1.14328e-02	8.00000e-01
3.12527e+01	1.18253e-02	8.00000e-01
3.21300e+01	1.22298e-02	8.00000e-01
3.30073e+01	1.26342e-02	8.00000e-01
3.38093e+01	1.29785e-02	8.00000e-01
3.49720e+01	1.34406e-02	8.00000e-01
3.59879e+01	1.38477e-02	8.00000e-01
3.68708e+01	1.42521e-02	8.00000e-01
3.77546e+01	1.46566e-02	8.00000e-01
3.86522e+01	1.50611e-02	8.00000e-01
3.95531e+01	1.54656e-02	8.00000e-01
4.04601e+01	1.58700e-02	8.00000e-01
4.13388e+01	1.62745e-02	8.00000e-01
4.21304e+01	1.66790e-02	8.00000e-01
4.29226e+01	1.70835e-02	8.00000e-01
4.37408e+01	1.74879e-02	8.00000e-01
4.45636e+01	1.78924e-02	8.00000e-01
4.53909e+01	1.82969e-02	8.00000e-01
4.62544e+01	1.87014e-02	8.00000e-01
4.69878e+01	1.91058e-02	8.00000e-01
4.77212e+01	1.95103e-02	8.00000e-01
4.84868e+01	1.99148e-02	8.00000e-01
4.92783e+01	2.03193e-02	8.00000e-01
5.00699e+01	2.07237e-02	8.00000e-01
5.09549e+01	2.11282e-02	8.00000e-01
5.17550e+01	2.15327e-02	8.00000e-01
5.24119e+01	2.18774e-02	8.00000e-01
5.32965e+01	2.23416e-02	8.00000e-01
5.40673e+01	2.27461e-02	8.00000e-01
5.47372e+01	2.30977e-02	8.00000e-01
5.56159e+01	2.35551e-02	8.00000e-01
5.63766e+01	2.39595e-02	8.00000e-01
5.70461e+01	2.43640e-02	8.00000e-01
5.77157e+01	2.47685e-02	8.00000e-01
5.83852e+01	2.51730e-02	8.00000e-01
5.90548e+01	2.55774e-02	8.00000e-01
5.97345e+01	2.59819e-02	8.00000e-01
6.04260e+01	2.63864e-02	8.00000e-01
6.11825e+01	2.67909e-02	8.00000e-01
6.18610e+01	2.71953e-02	8.00000e-01
6.25201e+01	2.75998e-02	8.00000e-01
6.31792e+01	2.80043e-02	8.00000e-01
6.38383e+01	2.84088e-02	8.00000e-01
6.44974e+01	2.88132e-02	8.00000e-01
6.51565e+01	2.92177e-02	8.00000e-01
6.58677e+01	2.96222e-02	8.00000e-01
6.65846e+01	3.00266e-02	8.00000e-01
6.72919e+01	3.04311e-02	8.00000e-01
6.79366e+01	3.08356e-02	8.00000e-01
6.85527e+01	3.12401e-02	8.00000e-01
6.91689e+01	3.16445e-02	8.00000e-01
6.97850e+01	3.20490e-02	8.00000e-01
7.04012e+01	3.24535e-02	8.00000e-01
7.10144e+01	3.28560e-02	8.00000e-01
7.16480e+01	3.32624e-02	8.00000e-01
7.23114e+01	3.36669e-02	8.00000e-01
7.29312e+01	3.40714e-02	8.00000e-01
7.35357e+01	3.44759e-02	8.00000e-01
7.41401e+01	3.48803e-02	8.00000e-01
7.47446e+01	3.52848e-02	8.00000e-01
7.53491e+01	3.56893e-02	8.00000e-01
7.59535e+01	3.60938e-02	8.00000e-01
7.65561e+01	3.64982e-02	8.00000e-01
7.71502e+01	3.69027e-02	8.00000e-01
7.77302e+01	3.73072e-02	8.00000e-01
7.82837e+01	3.77117e-02	8.00000e-01
7.88371e+01	3.81161e-02	8.00000e-01
7.93906e+01	3.85206e-02	8.00000e-01
7.99441e+01	3.89251e-02	8.00000e-01
8.04975e+01	3.93296e-02	8.00000e-01
8.10510e+01	3.97340e-02	8.00000e-01
8.16082e+01	4.01385e-02	8.00000e-01
8.22100e+01	4.05430e-02	8.00000e-01
8.27710e+01	4.09475e-02	8.00000e-01
8.32607e+01	4.13519e-02	8.00000e-01
8.37486e+01	4.17564e-02	8.00000e-01
8.42366e+01	4.21609e-02	8.00000e-01
8.47245e+01	4.25654e-02	8.00000e-01
8.52125e+01	4.29698e-02	8.00000e-01
8.57004e+01	4.33743e-02	8.00000e-01
8.61883e+01	4.37788e-02	8.00000e-01
8.66882e+01	4.41833e-02	8.00000e-01
8.72122e+01	4.45877e-02	8.00000e-01
8.77347e+01	4.49922e-02	8.00000e-01
8.82305e+01	4.53967e-02	8.00000e-01
8.87252e+01	4.58012e-02	8.00000e-01
8.92199e+01	4.62056e-02	8.00000e-01
8.97145e+01	4.66101e-02	8.00000e-01
9.02092e+01	4.70146e-02	8.00000e-01
9.07038e+01	4.74191e-02	8.00000e-01
9.11985e+01	4.78235e-02	8.00000e-01
9.16974e+01	4.82280e-02	8.00000e-01
9.22134e+01	4.86325e-02	8.00000e-01
9.27252e+01	4.90370e-02	8.00000e-01
9.31527e+01	4.94414e-02	8.00000e-01
9.35723e+01	4.98459e-02	8.00000e-01
9.39919e+01	5.02504e-02	8.00000e-01
9.44116e+01	5.06549e-02	8.00000e-01
9.48312e+01	5.10593e-02	8.00000e-01
9.52508e+01	5.14638e-02	8.00000e-01
9.56705e+01	5.18683e-02	8.00000e-01
9.60901e+01	5.22728e-02	8.00000e-01
9.65097e+01	5.26772e-02	8.00000e-01
9.69641e+01	5.30817e-02	8.00000e-01
9.74726e+01	5.34862e-02	8.00000e-01
9.79507e+01	5.38907e-02	8.00000e-01
9.83659e+01	5.42951e-02	8.00000e-01
9.87810e+01	5.46996e-02	8.00000e-01
9.91962e+01	5.51041e-02	8.00000e-01
9.96114e+01	5.55086e-02	8.00000e-01
1.00027e+02	5.59130e-02	8.00000e-01
1.00442e+02	5.63175e-02	8.00000e-01
1.00857e+02	5.67220e-02	8.00000e-01
1.01272e+02	5.71265e-02	8.00000e-01
1.01693e+02	5.75309e-02	8.00000e-01
1.02131e+02	5.79354e-02	8.00000e-01
1.02585e+02	5.83399e-02	8.00000e-01
1.03026e+02	5.87443e-02	8.00000e-01
1.03427e+02	5.91488e-02	8.00000e-01
1.03827e+02	5.95533e-02	8.00000e-01
1.04228e+02	5.99578e-02	8.00000e-01
1.04628e+02	6.03622e-02	8.00000e-01
1.05029e+02	6.07667e-02	8.00000e-01
1.05430e+02	6.11712e-02	8.00000e-01
1.05830e+02	6.15757e-02	8.00000e-01
1.06231e+02	6.19801e-02	8.00000e-01
1.06631e+02	6.23846e-02	8.00000e-01
1.07036e+02	6.27891e-02	8.00000e-01
1.07454e+02	6.31936e-02	8.00000e-01
1.07874e+02	6.35980e-02	8.00000e-01
1.08239e+02	6.40025e-02	8.00000e-01
1.08574e+02	6.44070e-02	8.00000e-01
1.08909e+02	6.48115e-02	8.00000e-01
1.09243e+02	6.52159e-02	8.00000e-01
1.09578e+02	6.56204e-02	8.00000e-01
1.09913e+02	6.60249e-02	8.00000e-01
1.10248e+02	6.64294e-02	8.00000e-01
1.10582e+02	6.68338e-02	8.00000e-01
1.10917e+02	6.72383e-02	8.00000e-01
1.11252e+02	6.76428e-02	8.00000e-01
1.11586e+02	6.80473e-02	8.00000e-01
1.11935e+02	6.84517e-02	8.00000e-01
1.12313e+02	6.88562e-02	8.00000e-01
1.12724e+02	6.92607e-02	8.00000e-01
1.13132e+02	6.96652e-02	8.00000e-01
1.13460e+02	7.00696e-02	8.00000e-01
1.13783e+02	7.04741e-02	8.00000e-01
1.14081e+02	7.08786e-02	8.00000e-01
1.14368e+02	7.12831e-02	8.00000e-01
1.14656e+02	7.16875e-02	8.00000e-01
1.14943e+02	7.20920e-02	8.00000e-01
1.15246e+02	7.24965e-02	8.00000e-01
1.15558e+02	7.29010e-02	8.00000e-01
1.15867e+02	7.33054e-02	8.00000e-01
1.16174e+02	7.37099e-02	8.00000e-01
1.16489e+02	7.41144e-02	8.00000e-01
1.16841e+02	7.45189e-02	8.00000e-01
1.17157e+02	7.49233e-02	8.00000e-01
1.17458e+02	7.53278e-02	8.00000e-01
1.17779e+02	7.57323e-02	8.00000e-01
1.18124e+02	7.61368e-02	8.00000e-01
1.18423e+02	7.65412e-02	8.00000e-01
1.18720e+02	7.69457e-02	8.00000e-01
1.19043e+02	7.73502e-02	8.00000e-01
1.19377e+02	7.77547e-02	8.00000e-01
1.19668e+02	7.81591e-02	8.00000e-01
3.03214e+01	8.27747e-03	9.40000e-01
3.14840e+01	8.54058e-03	9.40000e-01
3.26467e+01	8.83674e-03	9.40000e-01
3.38093e+01	9.20764e-03	9.40000e-01
3.49720e+01	9.59938e-03	9.40000e-01
3.61347e+01	9.90866e-03	9.40000e-01
3.72576e+01	1.02074e-02	9.40000e-01
3.84600e+01	1.05527e-02	9.40000e-01
3.96226e+01	1.08985e-02	9.40000e-01
4.07853e+01	1.12675e-02	9.40000e-01
4.19479e+01	1.16501e-02	9.40000e-01
4.31106e+01	1.20407e-02	9.40000e-01
4.42733e+01	1.24131e-02	9.40000e-01
4.54359e+01	1.27944e-02	9.40000e-01
4.65986e+01	1.31916e-02	9.40000e-01
4.77612e+01	1.36139e-02	9.40000e-01
4.89239e+01	1.40037e-02	9.40000e-01
5.00865e+01	1.43883e-02	9.40000e-01
5.12492e+01	1.47601e-02	9.40000e-01
5.21337e+01	1.50611e-02	9.40000e-01
5.33219e+01	1.54656e-02	9.40000e-01
5.45102e+01	1.58700e-02	9.40000e-01
5.57095e+01	1.62745e-02	9.40000e-01
5.67863e+01	1.66790e-02	9.40000e-01
5.78410e+01	1.70835e-02	9.40000e-01
5.88973e+01	1.74879e-02	9.40000e-01
5.99550e+01	1.78924e-02	9.40000e-01
6.10621e+01	1.82969e-02	9.40000e-01
6.21043e+01	1.87014e-02	9.40000e-01
6.31429e+01	1.91058e-02	9.40000e-01
6.40384e+01	1.94546e-02	9.40000e-01
6.52011e+01	1.99074e-02	9.40000e-01
6.62925e+01	2.03193e-02	9.40000e-01
6.72754e+01	2.07237e-02	9.40000e-01
6.82656e+01	2.11282e-02	9.40000e-01
6.92589e+01	2.15327e-02	9.40000e-01
7.02579e+01	2.19372e-02	9.40000e-01
7.12938e+01	2.23416e-02	9.40000e-01
7.21770e+01	2.27038e-02	9.40000e-01
7.32598e+01	2.31506e-02	9.40000e-01
7.42401e+01	2.35551e-02	9.40000e-01
7.52267e+01	2.39595e-02	9.40000e-01
7.62414e+01	2.43640e-02	9.40000e-01
7.71722e+01	2.47685e-02	9.40000e-01
7.79903e+01	2.51293e-02	9.40000e-01
7.90014e+01	2.55774e-02	9.40000e-01
7.99201e+01	2.59819e-02	9.40000e-01
8.08537e+01	2.63864e-02	9.40000e-01
8.18128e+01	2.67909e-02	9.40000e-01
8.26410e+01	2.71845e-02	9.40000e-01
8.35003e+01	2.75998e-02	9.40000e-01
8.43353e+01	2.80043e-02	9.40000e-01
8.51706e+01	2.84088e-02	9.40000e-01
8.60064e+01	2.88132e-02	9.40000e-01
8.68613e+01	2.92177e-02	9.40000e-01
8.77168e+01	2.96222e-02	9.40000e-01
8.84542e+01	2.99744e-02	9.40000e-01
8.94106e+01	3.04311e-02	9.40000e-01
9.02573e+01	3.08356e-02	9.40000e-01
9.11041e+01	3.12401e-02	9.40000e-01
9.19422e+01	3.16367e-02	9.40000e-01
9.27479e+01	3.20490e-02	9.40000e-01
9.35113e+01	3.24535e-02	9.40000e-01
9.42675e+01	3.28542e-02	9.40000e-01
9.50381e+01	3.32624e-02	9.40000e-01
9.58015e+01	3.36669e-02	9.40000e-01
9.65646e+01	3.40714e-02	9.40000e-01
9.73741e+01	3.44759e-02	9.40000e-01
9.81180e+01	3.48803e-02	9.40000e-01
9.88619e+01	3.52848e-02	9.40000e-01
9.96058e+01	3.56893e-02	9.40000e-01
1.00350e+02	3.60938e-02	9.40000e-01
1.01094e+02	3.64982e-02	9.40000e-01
1.01841e+02	3.69027e-02	9.40000e-01
1.02617e+02	3.73072e-02	9.40000e-01
1.03344e+02	3.77117e-02	9.40000e-01
1.04073e+02	3.81161e-02	9.40000e-01
1.04731e+02	3.84823e-02	9.40000e-01
1.05528e+02	3.89251e-02	9.40000e-01
1.06256e+02	3.93296e-02	9.40000e-01
1.06984e+02	3.97340e-02	9.40000e-01
1.07734e+02	4.01385e-02	9.40000e-01
1.08420e+02	4.05430e-02	9.40000e-01
1.09105e+02	4.09475e-02	9.40000e-01
1.09791e+02	4.13519e-02	9.40000e-01
1.10476e+02	4.17564e-02	9.40000e-01
1.11162e+02	4.21609e-02	9.40000e-01
1.11847e+02	4.25654e-02	9.40000e-01
1.12556e+02	4.29698e-02	9.40000e-01
1.13242e+02	4.33743e-02	9.40000e-01
1.13896e+02	4.37788e-02	9.40000e-01
1.14550e+02	4.41833e-02	9.40000e-01
1.15195e+02	4.45825e-02	9.40000e-01
1.15858e+02	4.49922e-02	9.40000e-01
1.16512e+02	4.53967e-02	9.40000e-01
1.17166e+02	4.58012e-02	9.40000e-01
1.17832e+02	4.62056e-02	9.40000e-01
1.18497e+02	4.66101e-02	9.40000e-01
1.19142e+02	4.70146e-02	9.40000e-01
1.19787e+02	4.74191e-02	9.40000e-01
1.20433e+02	4.78235e-02	9.40000e-01
1.21009e+02	4.81841e-02	9.40000e-01
1.21724e+02	4.86325e-02	9.40000e-01
1.22370e+02	4.90370e-02	9.40000e-01
1.23037e+02	4.94414e-02	9.40000e-01
1.23660e+02	4.98459e-02	9.40000e-01
1.24238e+02	5.02504e-02	9.40000e-01
1.24816e+02	5.06549e-02	9.40000e-01
1.25394e+02	5.10593e-02	9.40000e-01
1.25972e+02	5.14638e-02	9.40000e-01
1.26550e+02	5.18683e-02	9.40000e-01
1.27128e+02	5.22728e-02	9.40000e-01
1.27707e+02	5.26772e-02	9.40000e-01
1.28317e+02	5.30817e-02	9.40000e-01
1.28956e+02	5.34862e-02	9.40000e-01
1.29553e+02	5.38907e-02	9.40000e-01
1.30149e+02	5.42951e-02	9.40000e-01
1.30746e+02	5.46996e-02	9.40000e-01
1.31343e+02	5.51041e-02	9.40000e-01
1.31940e+02	5.55086e-02	9.40000e-01
1.32536e+02	5.59130e-02	9.40000e-01
1.33133e+02	5.63175e-02	9.40000e-01
1.33752e+02	5.67220e-02	9.40000e-01
1.34367e+02	5.71265e-02	9.40000e-01
1.34961e+02	5.75266e-02	9.40000e-01
1.35567e+02	5.79354e-02	9.40000e-01
1.36123e+02	5.83102e-02	9.40000e-01
1.36767e+02	5.87443e-02	9.40000e-01
1.37367e+02	5.91488e-02	9.40000e-01
1.37968e+02	5.95533e-02	9.40000e-01
1.38567e+02	5.99578e-02	9.40000e-01
1.39164e+02	6.03622e-02	9.40000e-01
1.39705e+02	6.07667e-02	9.40000e-01
1.40218e+02	6.11712e-02	9.40000e-01
1.40732e+02	6.15757e-02	9.40000e-01
1.41245e+02	6.19801e-02	9.40000e-01
1.41759e+02	6.23846e-02	9.40000e-01
1.42272e+02	6.27891e-02	9.40000e-01
1.42786e+02	6.31936e-02	9.40000e-01
1.43299e+02	6.35980e-02	9.40000e-01
1.43813e+02	6.40025e-02	9.40000e-01
1.44333e+02	6.44070e-02	9.40000e-01
1.44991e+02	6.48115e-02	9.40000e-01
1.45600e+02	6.52159e-02	9.40000e-01
1.46154e+02	6.56204e-02	9.40000e-01
1.46708e+02	6.60249e-02	9.40000e-01
1.47262e+02	6.64294e-02	9.40000e-01
1.47816e+02	6.68338e-02	9.40000e-01
1.48370e+02	6.72383e-02	9.40000e-01
1.48912e+02	6.76347e-02	9.40000e-01
1.49477e+02	6.80473e-02	9.40000e-01
1.50031e+02	6.84517e-02	9.40000e-01
1.50652e+02	6.88562e-02	9.40000e-01
1.51238e+02	6.92438e-02	9.40000e-01
1.51853e+02	6.96652e-02	9.40000e-01
1.52400e+02	7.00404e-02	9.40000e-01
1.53033e+02	7.04741e-02	9.40000e-01
1.53563e+02	7.08377e-02	9.40000e-01
1.54213e+02	7.12831e-02	9.40000e-01
1.54802e+02	7.16875e-02	9.40000e-01
1.55392e+02	7.20920e-02	9.40000e-01
1.55987e+02	7.24965e-02	9.40000e-01
1.56552e+02	7.29010e-02	9.40000e-01
1.57051e+02	7.33038e-02	9.40000e-01
1.57554e+02	7.37099e-02	9.40000e-01
1.58055e+02	7.41144e-02	9.40000e-01
1.58556e+02	7.45189e-02	9.40000e-01
1.59057e+02	7.49233e-02	9.40000e-01
1.59558e+02	7.53278e-02	9.40000e-01
1.60059e+02	7.57323e-02	9.40000e-01
1.60539e+02	7.61195e-02	9.40000e-01
1.61061e+02	7.65412e-02	9.40000e-01
1.61604e+02	7.69457e-02	9.40000e-01
1.62211e+02	7.73502e-02	9.40000e-01
1.62740e+02	7.77547e-02	9.40000e-01
1.63270e+02	7.81591e-02	9.40000e-01
1.63799e+02	7.85636e-02	9.40000e-01
1.64329e+02	7.89681e-02	9.40000e-01
1.64858e+02	7.93726e-02	9.40000e-01
1.65387e+02	7.97770e-02	9.40000e-01
1.65917e+02	8.01815e-02	9.40000e-01
1.66446e+02	8.05860e-02	9.40000e-01
1.66986e+02	8.09905e-02	9.40000e-01
1.67628e+02	8.13949e-02	9.40000e-01
1.68156e+02	8.17994e-02	9.40000e-01
1.68678e+02	8.22005e-02	9.40000e-01
1.69208e+02	8.26084e-02	9.40000e-01
1.69733e+02	8.30128e-02	9.40000e-01
1.70261e+02	8.34173e-02	9.40000e-01
1.70778e+02	8.38218e-02	9.40000e-01
1.71305e+02	8.42263e-02	9.40000e-01
1.71864e+02	8.46307e-02	9.40000e-01
1.72441e+02	8.50352e-02	9.40000e-01
1.72995e+02	8.54397e-02	9.40000e-01
1.73507e+02	8.58442e-02	9.40000e-01
3.03214e+01	5.78635e-03	1.11000e+00
3.14840e+01	6.01920e-03	1.11000e+00
3.26467e+01	6.25238e-03	1.11000e+00
3.38093e+01	6.48161e-03	1.11000e+00
3.49720e+01	6.72836e-03	1.11000e+00
3.61205e+01	6.97159e-03	1.11000e+00
3.72973e+01	7.21250e-03	1.11000e+00
3.84600e+01	7.44922e-03	1.11000e+00
3.96226e+01	7.69616e-03	1.11000e+00
4.07853e+01	7.95068e-03	1.11000e+00
4.18057e+01	8.18502e-03	1.11000e+00
4.31106e+01	8.46152e-03	1.11000e+00
4.42733e+01	8.71989e-03	1.11000e+00
4.54359e+01	8.98511e-03	1.11000e+00
4.65986e+01	9.24722e-03	1.11000e+00
4.77612e+01	9.50898e-03	1.11000e+00
4.89239e+01	9.77209e-03	1.11000e+00
5.00865e+01	1.00592e-02	1.11000e+00
5.12492e+01	1.03267e-02	1.11000e+00
5.24119e+01	1.05851e-02	1.11000e+00
5.35745e+01	1.08422e-02	1.11000e+00
5.47372e+01	1.11089e-02	1.11000e+00
5.58998e+01	1.13989e-02	1.11000e+00
5.70625e+01	1.16849e-02	1.11000e+00
5.82251e+01	1.19714e-02	1.11000e+00
5.92740e+01	1.22298e-02	1.11000e+00
6.05505e+01	1.25763e-02	1.11000e+00
6.17131e+01	1.28732e-02	1.11000e+00
6.28758e+01	1.31652e-02	1.11000e+00
6.39830e+01	1.34432e-02	1.11000e+00
6.52011e+01	1.37649e-02	1.11000e+00
6.63637e+01	1.40843e-02	1.11000e+00
6.75264e+01	1.43877e-02	1.11000e+00
6.85568e+01	1.46566e-02	1.11000e+00
6.98517e+01	1.49946e-02	1.11000e+00
7.10144e+01	1.53386e-02	1.11000e+00
7.21770e+01	1.56439e-02	1.11000e+00
7.33397e+01	1.59487e-02	1.11000e+00
7.45023e+01	1.62535e-02	1.11000e+00
7.56650e+01	1.65798e-02	1.11000e+00
7.68277e+01	1.69157e-02	1.11000e+00
7.79903e+01	1.72412e-02	1.11000e+00
7.91530e+01	1.75667e-02	1.11000e+00
8.03156e+01	1.78922e-02	1.11000e+00
8.14783e+01	1.82656e-02	1.11000e+00
8.26410e+01	1.86172e-02	1.11000e+00
8.38036e+01	1.89688e-02	1.11000e+00
8.49663e+01	1.93204e-02	1.11000e+00
8.61289e+01	1.97049e-02	1.11000e+00
8.72916e+01	2.00708e-02	1.11000e+00
8.84542e+01	2.04194e-02	1.11000e+00
8.94689e+01	2.07237e-02	1.11000e+00
9.07796e+01	2.11240e-02	1.11000e+00
9.19422e+01	2.15239e-02	1.11000e+00
9.31049e+01	2.19083e-02	1.11000e+00
9.42675e+01	2.22927e-02	1.11000e+00
9.54302e+01	2.26772e-02	1.11000e+00
9.65928e+01	2.31053e-02	1.11000e+00
9.77555e+01	2.35089e-02	1.11000e+00
9.89182e+01	2.39040e-02	1.11000e+00
1.00081e+02	2.42991e-02	1.11000e+00
1.01243e+02	2.46970e-02	1.11000e+00
1.02406e+02	2.51025e-02	1.11000e+00
1.03569e+02	2.55085e-02	1.11000e+00
1.04731e+02	2.59145e-02	1.11000e+00
1.05894e+02	2.63544e-02	1.11000e+00
1.07057e+02	2.67853e-02	1.11000e+00
1.08184e+02	2.71953e-02	1.11000e+00
1.09296e+02	2.75998e-02	1.11000e+00
1.10406e+02	2.80043e-02	1.11000e+00
1.11408e+02	2.84088e-02	1.11000e+00
1.12453e+02	2.88132e-02	1.11000e+00
1.13504e+02	2.92177e-02	1.11000e+00
1.14555e+02	2.96222e-02	1.11000e+00
1.15606e+02	3.00266e-02	1.11000e+00
1.16358e+02	3.03454e-02	1.11000e+00
1.17521e+02	3.08142e-02	1.11000e+00
1.18593e+02	3.12401e-02	1.11000e+00
1.19611e+02	3.16445e-02	1.11000e+00
1.20629e+02	3.20490e-02	1.11000e+00
1.21557e+02	3.24535e-02	1.11000e+00
1.22499e+02	3.28580e-02	1.11000e+00
1.23334e+02	3.32090e-02	1.11000e+00
1.24423e+02	3.36669e-02	1.11000e+00
1.25385e+02	3.40714e-02	1.11000e+00
1.26326e+02	3.44759e-02	1.11000e+00
1.27218e+02	3.48803e-02	1.11000e+00
1.27985e+02	3.52098e-02	1.11000e+00
1.29107e+02	3.56893e-02	1.11000e+00
1.30053e+02	3.60938e-02	1.11000e+00
1.30999e+02	3.64982e-02	1.11000e+00
1.31874e+02	3.69027e-02	1.11000e+00
1.32635e+02	3.72633e-02	1.11000e+00
1.33662e+02	3.77117e-02	1.11000e+00
1.34590e+02	3.81161e-02	1.11000e+00
1.35518e+02	3.85206e-02	1.11000e+00
1.36446e+02	3.89251e-02	1.11000e+00
1.37286e+02	3.93224e-02	1.11000e+00
1.38155e+02	3.97340e-02	1.11000e+00
1.39048e+02	4.01385e-02	1.11000e+00
1.39943e+02	4.05430e-02	1.11000e+00
1.40774e+02	4.09183e-02	1.11000e+00
1.41734e+02	4.13519e-02	1.11000e+00
1.42574e+02	4.17564e-02	1.11000e+00
1.43387e+02	4.21609e-02	1.11000e+00
1.44210e+02	4.25654e-02	1.11000e+00
1.45033e+02	4.29698e-02	1.11000e+00
1.45856e+02	4.33743e-02	1.11000e+00
1.46587e+02	4.37337e-02	1.11000e+00
1.47500e+02	4.41833e-02	1.11000e+00
1.48280e+02	4.45877e-02	1.11000e+00
1.49113e+02	4.49922e-02	1.11000e+00
1.49984e+02	4.53967e-02	1.11000e+00
1.50855e+02	4.58012e-02	1.11000e+00
1.51725e+02	4.62056e-02	1.11000e+00
1.52596e+02	4.66101e-02	1.11000e+00
1.53373e+02	4.70146e-02	1.11000e+00
1.54112e+02	4.74191e-02	1.11000e+00
1.54886e+02	4.78235e-02	1.11000e+00
1.55669e+02	4.82280e-02	1.11000e+00
1.56452e+02	4.86325e-02	1.11000e+00
1.57235e+02	4.90370e-02	1.11000e+00
1.58017e+02	4.94414e-02	1.11000e+00
1.58796e+02	4.98459e-02	1.11000e+00
1.59584e+02	5.02504e-02	1.11000e+00
1.60453e+02	5.06549e-02	1.11000e+00
1.61323e+02	5.10593e-02	1.11000e+00
1.62192e+02	5.14638e-02	1.11000e+00
1.63062e+02	5.18683e-02	1.11000e+00
1.63931e+02	5.22728e-02	1.11000e+00
1.64626e+02	5.26772e-02	1.11000e+00
1.65366e+02	5.30817e-02	1.11000e+00
1.66163e+02	5.34862e-02	1.11000e+00
1.66960e+02	5.38907e-02	1.11000e+00
1.67757e+02	5.42951e-02	1.11000e+00
1.68554e+02	5.46996e-02	1.11000e+00
1.69351e+02	5.51041e-02	1.11000e+00
1.70136e+02	5.55086e-02	1.11000e+00
1.70926e+02	5.59130e-02	1.11000e+00
1.71730e+02	5.63175e-02	1.11000e+00
1.72536e+02	5.67220e-02	1.11000e+00
1.73328e+02	5.71201e-02	1.11000e+00
1.74146e+02	5.75309e-02	1.11000e+00
1.74951e+02	5.79354e-02	1.11000e+00
1.75654e+02	5.83195e-02	1.11000e+00
1.76437e+02	5.87443e-02	1.11000e+00
1.77241e+02	5.91488e-02	1.11000e+00
1.77979e+02	5.95113e-02	1.11000e+00
1.78887e+02	5.99578e-02	1.11000e+00
1.79710e+02	6.03622e-02	1.11000e+00
1.80533e+02	6.07667e-02	1.11000e+00
1.81342e+02	6.11712e-02	1.11000e+00
1.82142e+02	6.15757e-02	1.11000e+00
1.82941e+02	6.19801e-02	1.11000e+00
1.83740e+02	6.23846e-02	1.11000e+00
1.84539e+02	6.27891e-02	1.11000e+00
1.85338e+02	6.31936e-02	1.11000e+00
1.86094e+02	6.35980e-02	1.11000e+00
1.86835e+02	6.40025e-02	1.11000e+00
1.87608e+02	6.44070e-02	1.11000e+00
1.88383e+02	6.48115e-02	1.11000e+00
1.89157e+02	6.52159e-02	1.11000e+00
1.89932e+02	6.56204e-02	1.11000e+00
1.90707e+02	6.60249e-02	1.11000e+00
1.91481e+02	6.64294e-02	1.11000e+00
1.92241e+02	6.68338e-02	1.11000e+00
1.93064e+02	6.72383e-02	1.11000e+00
1.93923e+02	6.76428e-02	1.11000e+00
1.94782e+02	6.80473e-02	1.11000e+00
1.95641e+02	6.84517e-02	1.11000e+00
1.96501e+02	6.88562e-02	1.11000e+00
1.97349e+02	6.92607e-02	1.11000e+00
1.98066e+02	6.96652e-02	1.11000e+00
1.98827e+02	7.00696e-02	1.11000e+00
1.99628e+02	7.04741e-02	1.11000e+00
2.00430e+02	7.08786e-02	1.11000e+00
2.01232e+02	7.12831e-02	1.11000e+00
2.02033e+02	7.16875e-02	1.11000e+00
2.02835e+02	7.20920e-02	1.11000e+00
2.03557e+02	7.24764e-02	1.11000e+00
2.04339e+02	7.29010e-02	1.11000e+00
2.05172e+02	7.33054e-02	1.11000e+00
2.05883e+02	7.36442e-02	1.11000e+00
2.06869e+02	7.41144e-02	1.11000e+00
2.07717e+02	7.45189e-02	1.11000e+00
2.08502e+02	7.49233e-02	1.11000e+00
2.09310e+02	7.53278e-02	1.11000e+00
2.10243e+02	7.57323e-02	1.11000e+00
2.11180e+02	7.61368e-02	1.11000e+00
2.12118e+02	7.65412e-02	1.11000e+00
2.12859e+02	7.68611e-02	1.11000e+00
2.13992e+02	7.73502e-02	1.11000e+00
2.14729e+02	7.77547e-02	1.11000e+00
2.15613e+02	7.81591e-02	1.11000e+00
2.16673e+02	7.85636e-02	1.11000e+00
2.17509e+02	7.88825e-02	1.11000e+00
2.18672e+02	7.93262e-02	1.11000e+00
2.19835e+02	7.97698e-02	1.11000e+00
2.20689e+02	8.01815e-02	1.11000e+00
2.21501e+02	8.05860e-02	1.11000e+00
2.22339e+02	8.09905e-02	1.11000e+00
2.23195e+02	8.13949e-02	1.11000e+00
2.24051e+02	8.17994e-02	1.11000e+00
2.24907e+02	8.22039e-02	1.11000e+00
2.25648e+02	8.25537e-02	1.11000e+00
2.26618e+02	8.30128e-02	1.11000e+00
2.27473e+02	8.34173e-02	1.11000e+00
3.03214e+01	4.03581e-03	1.33000e+00
3.14840e+01	4.19501e-03	1.33000e+00
3.26467e+01	4.35728e-03	1.33000e+00
3.38093e+01	4.51312e-03	1.33000e+00
3.49720e+01	4.67721e-03	1.33000e+00
3.61347e+01	4.83099e-03	1.33000e+00
3.72973e+01	4.98922e-03	1.33000e+00
3.84600e+01	5.16545e-03	1.33000e+00
3.96226e+01	5.33236e-03	1.33000e+00
4.07853e+01	5.49614e-03	1.33000e+00
4.19479e+01	5.65799e-03	1.33000e+00
4.31106e+01	5.82835e-03	1.33000e+00
4.42733e+01	6.01349e-03	1.33000e+00
4.54359e+01	6.19964e-03	1.33000e+00
4.65986e+01	6.36756e-03	1.33000e+00
4.77612e+01	6.53549e-03	1.33000e+00
4.89239e+01	6.72261e-03	1.33000e+00
5.00865e+01	6.91814e-03	1.33000e+00
5.12492e+01	7.09560e-03	1.33000e+00
5.24119e+01	7.26100e-03	1.33000e+00
5.35745e+01	7.43326e-03	1.33000e+00
5.47372e+01	7.62568e-03	1.33000e+00
5.58998e+01	7.81650e-03	1.33000e+00
5.70625e+01	7.99812e-03	1.33000e+00
5.82251e+01	8.17973e-03	1.33000e+00
5.93878e+01	8.38631e-03	1.33000e+00
6.05009e+01	8.58949e-03	1.33000e+00
6.17131e+01	8.79202e-03	1.33000e+00
6.28758e+01	8.97832e-03	1.33000e+00
6.40384e+01	9.18006e-03	1.33000e+00
6.52011e+01	9.39334e-03	1.33000e+00
6.63637e+01	9.60380e-03	1.33000e+00
6.75264e+01	9.79610e-03	1.33000e+00
6.86891e+01	9.99741e-03	1.33000e+00
6.98320e+01	1.02074e-02	1.33000e+00
7.10144e+01	1.04361e-02	1.33000e+00
7.21770e+01	1.06341e-02	1.33000e+00
7.33397e+01	1.08278e-02	1.33000e+00
7.44012e+01	1.10163e-02	1.33000e+00
7.56650e+01	1.12611e-02	1.33000e+00
7.68277e+01	1.14787e-02	1.33000e+00
7.79903e+01	1.16850e-02	1.33000e+00
7.91530e+01	1.18967e-02	1.33000e+00
8.03156e+01	1.21342e-02	1.33000e+00
8.14783e+01	1.23750e-02	1.33000e+00
8.26410e+01	1.25965e-02	1.33000e+00
8.38036e+01	1.28197e-02	1.33000e+00
8.48646e+01	1.30387e-02	1.33000e+00
8.61289e+01	1.33197e-02	1.33000e+00
8.72916e+01	1.35581e-02	1.33000e+00
8.84542e+01	1.37784e-02	1.33000e+00
8.96169e+01	1.40089e-02	1.33000e+00
9.07306e+01	1.42521e-02	1.33000e+00
9.19422e+01	1.45194e-02	1.33000e+00
9.31049e+01	1.47619e-02	1.33000e+00
9.42675e+01	1.50045e-02	1.33000e+00
9.54302e+01	1.52770e-02	1.33000e+00
9.65928e+01	1.55606e-02	1.33000e+00
9.77555e+01	1.58228e-02	1.33000e+00
9.89182e+01	1.60720e-02	1.33000e+00
1.00081e+02	1.63323e-02	1.33000e+00
1.01243e+02	1.66236e-02	1.33000e+00
1.02406e+02	1.69098e-02	1.33000e+00
1.03569e+02	1.71672e-02	1.33000e+00
1.04731e+02	1.74245e-02	1.33000e+00
1.05894e+02	1.77162e-02	1.33000e+00
1.07057e+02	1.80166e-02	1.33000e+00
1.08219e+02	1.82943e-02	1.33000e+00
1.09382e+02	1.85617e-02	1.33000e+00
1.10545e+02	1.88437e-02	1.33000e+00
1.11521e+02	1.91058e-02	1.33000e+00
1.12870e+02	1.94622e-02	1.33000e+00
1.14033e+02	1.97474e-02	1.33000e+00
1.15195e+02	2.00363e-02	1.33000e+00
1.16225e+02	2.03193e-02	1.33000e+00
1.17521e+02	2.06894e-02	1.33000e+00
1.18683e+02	2.09967e-02	1.33000e+00
1.19846e+02	2.12935e-02	1.33000e+00
1.21009e+02	2.16072e-02	1.33000e+00
1.22120e+02	2.19372e-02	1.33000e+00
1.23334e+02	2.22891e-02	1.33000e+00
1.24497e+02	2.25989e-02	1.33000e+00
1.25659e+02	2.29123e-02	1.33000e+00
1.26822e+02	2.32624e-02	1.33000e+00
1.27764e+02	2.35551e-02	1.33000e+00
1.29147e+02	2.39573e-02	1.33000e+00
1.30310e+02	2.42800e-02	1.33000e+00
1.31473e+02	2.46065e-02	1.33000e+00
1.32635e+02	2.49410e-02	1.33000e+00
1.33798e+02	2.52818e-02	1.33000e+00
1.34750e+02	2.55774e-02	1.33000e+00
1.36009e+02	2.59819e-02	1.33000e+00
1.37286e+02	2.63693e-02	1.33000e+00
1.38449e+02	2.67128e-02	1.33000e+00
1.39611e+02	2.70750e-02	1.33000e+00
1.40774e+02	2.74574e-02	1.33000e+00
1.41936e+02	2.78425e-02	1.33000e+00
1.43099e+02	2.82263e-02	1.33000e+00
1.44262e+02	2.86112e-02	1.33000e+00
1.45424e+02	2.90030e-02	1.33000e+00
1.46587e+02	2.93989e-02	1.33000e+00
1.47750e+02	2.97823e-02	1.33000e+00
1.48912e+02	3.01580e-02	1.33000e+00
1.50075e+02	3.05474e-02	1.33000e+00
1.51238e+02	3.09864e-02	1.33000e+00
1.52400e+02	3.14245e-02	1.33000e+00
1.53563e+02	3.18400e-02	1.33000e+00
1.54726e+02	3.22528e-02	1.33000e+00
1.55888e+02	3.26730e-02	1.33000e+00
1.57051e+02	3.30994e-02	1.33000e+00
1.58214e+02	3.35121e-02	1.33000e+00
1.59376e+02	3.38996e-02	1.33000e+00
1.60539e+02	3.42977e-02	1.33000e+00
1.61702e+02	3.47477e-02	1.33000e+00
1.62864e+02	3.52168e-02	1.33000e+00
1.64027e+02	3.56533e-02	1.33000e+00
1.65190e+02	3.60748e-02	1.33000e+00
1.66350e+02	3.64982e-02	1.33000e+00
1.67431e+02	3.69027e-02	1.33000e+00
1.68512e+02	3.73072e-02	1.33000e+00
1.69617e+02	3.77117e-02	1.33000e+00
1.70727e+02	3.81161e-02	1.33000e+00
1.71814e+02	3.85206e-02	1.33000e+00
1.72807e+02	3.89251e-02	1.33000e+00
1.73800e+02	3.93296e-02	1.33000e+00
1.74837e+02	3.97340e-02	1.33000e+00
1.75654e+02	4.00425e-02	1.33000e+00
1.76816e+02	4.04818e-02	1.33000e+00
1.77979e+02	4.09455e-02	1.33000e+00
1.78978e+02	4.13519e-02	1.33000e+00
1.79987e+02	4.17564e-02	1.33000e+00
1.81025e+02	4.21609e-02	1.33000e+00
1.82067e+02	4.25654e-02	1.33000e+00
1.83086e+02	4.29698e-02	1.33000e+00
1.84058e+02	4.33743e-02	1.33000e+00
1.84955e+02	4.37477e-02	1.33000e+00
1.86009e+02	4.41833e-02	1.33000e+00
1.86992e+02	4.45877e-02	1.33000e+00
1.87976e+02	4.49922e-02	1.33000e+00
1.88941e+02	4.53967e-02	1.33000e+00
1.89893e+02	4.58012e-02	1.33000e+00
1.90768e+02	4.61727e-02	1.33000e+00
1.91893e+02	4.66101e-02	1.33000e+00
1.92971e+02	4.70146e-02	1.33000e+00
1.94045e+02	4.74191e-02	1.33000e+00
1.94955e+02	4.78235e-02	1.33000e+00
1.95855e+02	4.82280e-02	1.33000e+00
1.96581e+02	4.85542e-02	1.33000e+00
1.97744e+02	4.90348e-02	1.33000e+00
1.98745e+02	4.94414e-02	1.33000e+00
1.99742e+02	4.98459e-02	1.33000e+00
2.00743e+02	5.02504e-02	1.33000e+00
2.01745e+02	5.06549e-02	1.33000e+00
2.02756e+02	5.10593e-02	1.33000e+00
2.03557e+02	5.13706e-02	1.33000e+00
2.04720e+02	5.18221e-02	1.33000e+00
2.05883e+02	5.22655e-02	1.33000e+00
2.06964e+02	5.26772e-02	1.33000e+00
2.08007e+02	5.30817e-02	1.33000e+00
2.08932e+02	5.34862e-02	1.33000e+00
2.09857e+02	5.38907e-02	1.33000e+00
2.10792e+02	5.42951e-02	1.33000e+00
2.11696e+02	5.46697e-02	1.33000e+00
2.12758e+02	5.51041e-02	1.33000e+00
2.13843e+02	5.55086e-02	1.33000e+00
2.14934e+02	5.59130e-02	1.33000e+00
2.16007e+02	5.63175e-02	1.33000e+00
2.17028e+02	5.67220e-02	1.33000e+00
2.18047e+02	5.71265e-02	1.33000e+00
2.19063e+02	5.75309e-02	1.33000e+00
2.19835e+02	5.78396e-02	1.33000e+00
2.20997e+02	5.83046e-02	1.33000e+00
2.22112e+02	5.87443e-02	1.33000e+00
2.23161e+02	5.91488e-02	1.33000e+00
2.24210e+02	5.95533e-02	1.33000e+00
2.25252e+02	5.99578e-02	1.33000e+00
2.26293e+02	6.03622e-02	1.33000e+00
2.27334e+02	6.07667e-02	1.33000e+00
2.28350e+02	6.11712e-02	1.33000e+00
2.29136e+02	6.14874e-02	1.33000e+00
2.30298e+02	6.19552e-02	1.33000e+00
2.31366e+02	6.23846e-02	1.33000e+00
2.32371e+02	6.27891e-02	1.33000e+00
2.33451e+02	6.31936e-02	1.33000e+00
2.34580e+02	6.35980e-02	1.33000e+00
2.35589e+02	6.40025e-02	1.33000e+00
2.36516e+02	6.44070e-02	1.33000e+00
2.37602e+02	6.48115e-02	1.33000e+00
2.38437e+02	6.51144e-02	1.33000e+00
2.39600e+02	6.55421e-02	1.33000e+00
2.40762e+02	6.59619e-02	1.33000e+00
2.41925e+02	6.63823e-02	1.33000e+00
3.03214e+01	2.79317e-03	1.61000e+00
3.14840e+01	2.89126e-03	1.61000e+00
3.26467e+01	2.99917e-03	1.61000e+00
3.38093e+01	3.11048e-03	1.61000e+00
3.49720e+01	3.21485e-03	1.61000e+00
3.61347e+01	3.31085e-03	1.61000e+00
3.72973e+01	3.42434e-03	1.61000e+00
3.84600e+01	3.53705e-03	1.61000e+00
3.96226e+01	3.64465e-03	1.61000e+00
4.07853e+01	3.75445e-03	1.61000e+00
4.19479e+01	3.87360e-03	1.61000e+00
4.31106e+01	3.98793e-03	1.61000e+00
4.42733e+01	4.10257e-03	1.61000e+00
4.54359e+01	4.23208e-03	1.61000e+00
4.65986e+01	4.34626e-03	1.61000e+00
4.77612e+01	4.45713e-03	1.61000e+00
4.89239e+01	4.57928e-03	1.61000e+00
5.00865e+01	4.70838e-03	1.61000e+00
5.12492e+01	4.82104e-03	1.61000e+00
5.24119e+01	4.93108e-03	1.61000e+00
5.35745e+01	5.05669e-03	1.61000e+00
5.47372e+01	5.17616e-03	1.61000e+00
5.58998e+01	5.29260e-03	1.61000e+00
5.70625e+01	5.41658e-03	1.61000e+00
5.82251e+01	5.54955e-03	1.61000e+00
5.93878e+01	5.67734e-03	1.61000e+00
6.05505e+01	5.81534e-03	1.61000e+00
6.17131e+01	5.94562e-03	1.61000e+00
6.28758e+01	6.06884e-03	1.61000e+00
6.40384e+01	6.20516e-03	1.61000e+00
6.52011e+01	6.34283e-03	1.61000e+00
6.63637e+01	6.47123e-03	1.61000e+00
6.75264e+01	6.60303e-03	1.61000e+00
6.86891e+01	6.74485e-03	1.61000e+00
6.98517e+01	6.88124e-03	1.61000e+00
7.10144e+01	7.02645e-03	1.61000e+00
7.21770e+01	7.15850e-03	1.61000e+00
7.33397e+01	7.28858e-03	1.61000e+00
7.45023e+01	7.43146e-03	1.61000e+00
7.56650e+01	7.57085e-03	1.61000e+00
7.68277e+01	7.70554e-03	1.61000e+00
7.79903e+01	7.85014e-03	1.61000e+00
7.91530e+01	7.99701e-03	1.61000e+00
8.03156e+01	8.14744e-03	1.61000e+00
8.14783e+01	8.30298e-03	1.61000e+00
8.26410e+01	8.44603e-03	1.61000e+00
8.37304e+01	8.58949e-03	1.61000e+00
8.49663e+01	8.76113e-03	1.61000e+00
8.61289e+01	8.91994e-03	1.61000e+00
8.72916e+01	9.07748e-03	1.61000e+00
8.84542e+01	9.22390e-03	1.61000e+00
8.96169e+01	9.38417e-03	1.61000e+00
9.07796e+01	9.54622e-03	1.61000e+00
9.19422e+01	9.70498e-03	1.61000e+00
9.31049e+01	9.86391e-03	1.61000e+00
9.42675e+01	1.00383e-02	1.61000e+00
9.53805e+01	1.02074e-02	1.61000e+00
9.65928e+01	1.03916e-02	1.61000e+00
9.77555e+01	1.05576e-02	1.61000e+00
9.89182e+01	1.07340e-02	1.61000e+00
1.00081e+02	1.09150e-02	1.61000e+00
1.01243e+02	1.10985e-02	1.61000e+00
1.02406e+02	1.12785e-02	1.61000e+00
1.03569e+02	1.14473e-02	1.61000e+00
1.04731e+02	1.16341e-02	1.61000e+00
1.05894e+02	1.18217e-02	1.61000e+00
1.07057e+02	1.20094e-02	1.61000e+00
1.08219e+02	1.21855e-02	1.61000e+00
1.09382e+02	1.23758e-02	1.61000e+00
1.10545e+02	1.25711e-02	1.61000e+00
1.11707e+02	1.27663e-02	1.61000e+00
1.12870e+02	1.29606e-02	1.61000e+00
1.14033e+02	1.31496e-02	1.61000e+00
1.15195e+02	1.33589e-02	1.61000e+00
1.16358e+02	1.35681e-02	1.61000e+00
1.17521e+02	1.37774e-02	1.61000e+00
1.18683e+02	1.39783e-02	1.61000e+00
1.19846e+02	1.41881e-02	1.61000e+00
1.21009e+02	1.44069e-02	1.61000e+00
1.22171e+02	1.46257e-02	1.61000e+00
1.23334e+02	1.48419e-02	1.61000e+00
1.24497e+02	1.50483e-02	1.61000e+00
1.25659e+02	1.52744e-02	1.61000e+00
1.26822e+02	1.55009e-02	1.61000e+00
1.27985e+02	1.57274e-02	1.61000e+00
1.29147e+02	1.59443e-02	1.61000e+00
1.30310e+02	1.61769e-02	1.61000e+00
1.31473e+02	1.64167e-02	1.61000e+00
1.32635e+02	1.66565e-02	1.61000e+00
1.33798e+02	1.68948e-02	1.61000e+00
1.34961e+02	1.71212e-02	1.61000e+00
1.36123e+02	1.73708e-02	1.61000e+00
1.37286e+02	1.76204e-02	1.61000e+00
1.38449e+02	1.78701e-02	1.61000e+00
1.39611e+02	1.81071e-02	1.61000e+00
1.40774e+02	1.83545e-02	1.61000e+00
1.41936e+02	1.86114e-02	1.61000e+00
1.43099e+02	1.88682e-02	1.61000e+00
1.44175e+02	1.91058e-02	1.61000e+00
1.45424e+02	1.93863e-02	1.61000e+00
1.46587e+02	1.96730e-02	1.61000e+00
1.47562e+02	1.99148e-02	1.61000e+00
1.48912e+02	2.02497e-02	1.61000e+00
1.50075e+02	2.05213e-02	1.61000e+00
1.51238e+02	2.07966e-02	1.61000e+00
1.52400e+02	2.10833e-02	1.61000e+00
1.53563e+02	2.13700e-02	1.61000e+00
1.54726e+02	2.16567e-02	1.61000e+00
1.55885e+02	2.19372e-02	1.61000e+00
1.57051e+02	2.22540e-02	1.61000e+00
1.58214e+02	2.25701e-02	1.61000e+00
1.59376e+02	2.28861e-02	1.61000e+00
1.60392e+02	2.31506e-02	1.61000e+00
1.61702e+02	2.34736e-02	1.61000e+00
1.62864e+02	2.37760e-02	1.61000e+00
1.64027e+02	2.40784e-02	1.61000e+00
1.65125e+02	2.43640e-02	1.61000e+00
1.66352e+02	2.46754e-02	1.61000e+00
1.67515e+02	2.50007e-02	1.61000e+00
1.68678e+02	2.53304e-02	1.61000e+00
1.69840e+02	2.56601e-02	1.61000e+00
1.70975e+02	2.59819e-02	1.61000e+00
1.72166e+02	2.62908e-02	1.61000e+00
1.73328e+02	2.66161e-02	1.61000e+00
1.74491e+02	2.69517e-02	1.61000e+00
1.75654e+02	2.72873e-02	1.61000e+00
1.76736e+02	2.75998e-02	1.61000e+00
1.77979e+02	2.79552e-02	1.61000e+00
1.79142e+02	2.83055e-02	1.61000e+00
1.80304e+02	2.86600e-02	1.61000e+00
1.81467e+02	2.90144e-02	1.61000e+00
1.82629e+02	2.93687e-02	1.61000e+00
1.83792e+02	2.97240e-02	1.61000e+00
1.84749e+02	3.00266e-02	1.61000e+00
1.86022e+02	3.04311e-02	1.61000e+00
1.87280e+02	3.08304e-02	1.61000e+00
1.88443e+02	3.11951e-02	1.61000e+00
1.89605e+02	3.15559e-02	1.61000e+00
1.90768e+02	3.19450e-02	1.61000e+00
1.91931e+02	3.23375e-02	1.61000e+00
1.93093e+02	3.27301e-02	1.61000e+00
1.94256e+02	3.31128e-02	1.61000e+00
1.95419e+02	3.34806e-02	1.61000e+00
1.96581e+02	3.38507e-02	1.61000e+00
1.97744e+02	3.42208e-02	1.61000e+00
1.98907e+02	3.45909e-02	1.61000e+00
1.99824e+02	3.48803e-02	1.61000e+00
2.01025e+02	3.52848e-02	1.61000e+00
2.02200e+02	3.56893e-02	1.61000e+00
2.03375e+02	3.60938e-02	1.61000e+00
2.04550e+02	3.64982e-02	1.61000e+00
2.05800e+02	3.69027e-02	1.61000e+00
2.06996e+02	3.73072e-02	1.61000e+00
2.08189e+02	3.77117e-02	1.61000e+00
2.09371e+02	3.81096e-02	1.61000e+00
2.10533e+02	3.84843e-02	1.61000e+00
2.11696e+02	3.88775e-02	1.61000e+00
2.12859e+02	3.92717e-02	1.61000e+00
2.14021e+02	3.96659e-02	1.61000e+00
2.15184e+02	4.00600e-02	1.61000e+00
2.16347e+02	4.04518e-02	1.61000e+00
2.17509e+02	4.08406e-02	1.61000e+00
2.18672e+02	4.12292e-02	1.61000e+00
2.19835e+02	4.16178e-02	1.61000e+00
2.20997e+02	4.20060e-02	1.61000e+00
2.22160e+02	4.24077e-02	1.61000e+00
2.23322e+02	4.28276e-02	1.61000e+00
2.24485e+02	4.32475e-02	1.61000e+00
2.25648e+02	4.36674e-02	1.61000e+00
2.26810e+02	4.40762e-02	1.61000e+00
2.27973e+02	4.44690e-02	1.61000e+00
2.29136e+02	4.48788e-02	1.61000e+00
2.30298e+02	4.52885e-02	1.61000e+00
2.31461e+02	4.56983e-02	1.61000e+00
2.32624e+02	4.61061e-02	1.61000e+00
2.33786e+02	4.65037e-02	1.61000e+00
2.34949e+02	4.68970e-02	1.61000e+00
2.36112e+02	4.72902e-02	1.61000e+00
2.37274e+02	4.76834e-02	1.61000e+00
2.38437e+02	4.80718e-02	1.61000e+00
2.39600e+02	4.84871e-02	1.61000e+00
2.40762e+02	4.89689e-02	1.61000e+00
2.41905e+02	4.94414e-02	1.61000e+00
2.43029e+02	4.98459e-02	1.61000e+00
2.44179e+02	5.02504e-02	1.61000e+00
2.45325e+02	5.06549e-02	1.61000e+00
2.46476e+02	5.10593e-02	1.61000e+00
2.47604e+02	5.14638e-02	1.61000e+00
2.48747e+02	5.18683e-02	1.61000e+00
2.49897e+02	5.22728e-02	1.61000e+00
2.51048e+02	5.26772e-02	1.61000e+00
3.03214e+01	1.81176e-03	2.03000e+00
3.14840e+01	1.87884e-03	2.03000e+00
3.26467e+01	1.94441e-03	2.03000e+00
3.38093e+01	2.00832e-03	2.03000e+00
3.49720e+01	2.07125e-03	2.03000e+00
3.61347e+01	2.12851e-03	2.03000e+00
3.72973e+01	2.20530e-03	2.03000e+00
3.84600e+01	2.27971e-03	2.03000e+00
3.96226e+01	2.35179e-03	2.03000e+00
4.07853e+01	2.41840e-03	2.03000e+00
4.19479e+01	2.47859e-03	2.03000e+00
4.31106e+01	2.54573e-03	2.03000e+00
4.42733e+01	2.62928e-03	2.03000e+00
4.54359e+01	2.70986e-03	2.03000e+00
4.65986e+01	2.77777e-03	2.03000e+00
4.77612e+01	2.84333e-03	2.03000e+00
4.89239e+01	2.90720e-03	2.03000e+00
5.00865e+01	2.99071e-03	2.03000e+00
5.12492e+01	3.07080e-03	2.03000e+00
5.24119e+01	3.14108e-03	2.03000e+00
5.35745e+01	3.20971e-03	2.03000e+00
5.47372e+01	3.27662e-03	2.03000e+00
5.58998e+01	3.34676e-03	2.03000e+00
5.70625e+01	3.43304e-03	2.03000e+00
5.82251e+01	3.51628e-03	2.03000e+00
5.93878e+01	3.59445e-03	2.03000e+00
6.05505e+01	3.66850e-03	2.03000e+00
6.17131e+01	3.74056e-03	2.03000e+00
6.28758e+01	3.83292e-03	2.03000e+00
6.40384e+01	3.91906e-03	2.03000e+00
6.52011e+01	4.00007e-03	2.03000e+00
6.63637e+01	4.07914e-03	2.03000e+00
6.75264e+01	4.15253e-03	2.03000e+00
6.86891e+01	4.24739e-03	2.03000e+00
6.98517e+01	4.33544e-03	2.03000e+00
7.10144e+01	4.42117e-03	2.03000e+00
7.21770e+01	4.49541e-03	2.03000e+00
7.33397e+01	4.57550e-03	2.03000e+00
7.45023e+01	4.66929e-03	2.03000e+00
7.56650e+01	4.75804e-03	2.03000e+00
7.68277e+01	4.84278e-03	2.03000e+00
7.79903e+01	4.91788e-03	2.03000e+00
7.91530e+01	5.01335e-03	2.03000e+00
8.03156e+01	5.11110e-03	2.03000e+00
8.14783e+01	5.20567e-03	2.03000e+00
8.26410e+01	5.28904e-03	2.03000e+00
8.38036e+01	5.37780e-03	2.03000e+00
8.49663e+01	5.48441e-03	2.03000e+00
8.61289e+01	5.58279e-03	2.03000e+00
8.72916e+01	5.67486e-03	2.03000e+00
8.84542e+01	5.75635e-03	2.03000e+00
8.96169e+01	5.86609e-03	2.03000e+00
9.07796e+01	5.96632e-03	2.03000e+00
9.19422e+01	6.06057e-03	2.03000e+00
9.31049e+01	6.14861e-03	2.03000e+00
9.42675e+01	6.26666e-03	2.03000e+00
9.54302e+01	6.37637e-03	2.03000e+00
9.65928e+01	6.47580e-03	2.03000e+00
9.77555e+01	6.57112e-03	2.03000e+00
9.89182e+01	6.69456e-03	2.03000e+00
1.00081e+02	6.80542e-03	2.03000e+00
1.01243e+02	6.90551e-03	2.03000e+00
1.02406e+02	7.01636e-03	2.03000e+00
1.03569e+02	7.13523e-03	2.03000e+00
1.04731e+02	7.24598e-03	2.03000e+00
1.05894e+02	7.34562e-03	2.03000e+00
1.07057e+02	7.47225e-03	2.03000e+00
1.08219e+02	7.59200e-03	2.03000e+00
1.09382e+02	7.69789e-03	2.03000e+00
1.10545e+02	7.81117e-03	2.03000e+00
1.11707e+02	7.94067e-03	2.03000e+00
1.12870e+02	8.05970e-03	2.03000e+00
1.14033e+02	8.16602e-03	2.03000e+00
1.15195e+02	8.30667e-03	2.03000e+00
1.16358e+02	8.43433e-03	2.03000e+00
1.17521e+02	8.54744e-03	2.03000e+00
1.18683e+02	8.68492e-03	2.03000e+00
1.19846e+02	8.82187e-03	2.03000e+00
1.21009e+02	8.94219e-03	2.03000e+00
1.22171e+02	9.08342e-03	2.03000e+00
1.23334e+02	9.22634e-03	2.03000e+00
1.24497e+02	9.34355e-03	2.03000e+00
1.25659e+02	9.48837e-03	2.03000e+00
1.26822e+02	9.62978e-03	2.03000e+00
1.27985e+02	9.75346e-03	2.03000e+00
1.29147e+02	9.90318e-03	2.03000e+00
1.30310e+02	1.00527e-02	2.03000e+00
1.31473e+02	1.01848e-02	2.03000e+00
1.32635e+02	1.03475e-02	2.03000e+00
1.33798e+02	1.04950e-02	2.03000e+00
1.34961e+02	1.06344e-02	2.03000e+00
1.36123e+02	1.08016e-02	2.03000e+00
1.37286e+02	1.09449e-02	2.03000e+00
1.38449e+02	1.11056e-02	2.03000e+00
1.39611e+02	1.12642e-02	2.03000e+00
1.40774e+02	1.14064e-02	2.03000e+00
1.41936e+02	1.15819e-02	2.03000e+00
1.43099e+02	1.17334e-02	2.03000e+00
1.44262e+02	1.18965e-02	2.03000e+00
1.45424e+02	1.20742e-02	2.03000e+00
1.46517e+02	1.22298e-02	2.03000e+00
1.47750e+02	1.24343e-02	2.03000e+00
1.48912e+02	1.25977e-02	2.03000e+00
1.50075e+02	1.27908e-02	2.03000e+00
1.51238e+02	1.29621e-02	2.03000e+00
1.52400e+02	1.31520e-02	2.03000e+00
1.53563e+02	1.33304e-02	2.03000e+00
1.54726e+02	1.35136e-02	2.03000e+00
1.55888e+02	1.37097e-02	2.03000e+00
1.57051e+02	1.39065e-02	2.03000e+00
1.58214e+02	1.41114e-02	2.03000e+00
1.59376e+02	1.43075e-02	2.03000e+00
1.60539e+02	1.45113e-02	2.03000e+00
1.61702e+02	1.46988e-02	2.03000e+00
1.62864e+02	1.49027e-02	2.03000e+00
1.64027e+02	1.50899e-02	2.03000e+00
1.65190e+02	1.52965e-02	2.03000e+00
1.66352e+02	1.54946e-02	2.03000e+00
1.67515e+02	1.57182e-02	2.03000e+00
1.68678e+02	1.59291e-02	2.03000e+00
1.69840e+02	1.61468e-02	2.03000e+00
1.71003e+02	1.63615e-02	2.03000e+00
1.72166e+02	1.65802e-02	2.03000e+00
1.73328e+02	1.68108e-02	2.03000e+00
1.74491e+02	1.70209e-02	2.03000e+00
1.75654e+02	1.72585e-02	2.03000e+00
1.76816e+02	1.74733e-02	2.03000e+00
1.77979e+02	1.77255e-02	2.03000e+00
1.79142e+02	1.79612e-02	2.03000e+00
1.80304e+02	1.81978e-02	2.03000e+00
1.81467e+02	1.84488e-02	2.03000e+00
1.82629e+02	1.86832e-02	2.03000e+00
1.83792e+02	1.89500e-02	2.03000e+00
1.84955e+02	1.92052e-02	2.03000e+00
1.86117e+02	1.94493e-02	2.03000e+00
1.87280e+02	1.97209e-02	2.03000e+00
1.88443e+02	1.99889e-02	2.03000e+00
1.89605e+02	2.02532e-02	2.03000e+00
1.90768e+02	2.05391e-02	2.03000e+00
1.91931e+02	2.08097e-02	2.03000e+00
1.93093e+02	2.10666e-02	2.03000e+00
1.94256e+02	2.13477e-02	2.03000e+00
1.95419e+02	2.16134e-02	2.03000e+00
1.96581e+02	2.18723e-02	2.03000e+00
1.97744e+02	2.21551e-02	2.03000e+00
1.98907e+02	2.24356e-02	2.03000e+00
2.00069e+02	2.27192e-02	2.03000e+00
2.01232e+02	2.30183e-02	2.03000e+00
2.02395e+02	2.33156e-02	2.03000e+00
2.03384e+02	2.35551e-02	2.03000e+00
2.04720e+02	2.38937e-02	2.03000e+00
2.05883e+02	2.41992e-02	2.03000e+00
2.07045e+02	2.45001e-02	2.03000e+00
2.08106e+02	2.47685e-02	2.03000e+00
2.09371e+02	2.50976e-02	2.03000e+00
2.10533e+02	2.54116e-02	2.03000e+00
2.11696e+02	2.57187e-02	2.03000e+00
2.12727e+02	2.59819e-02	2.03000e+00
2.14021e+02	2.63190e-02	2.03000e+00
2.15184e+02	2.66362e-02	2.03000e+00
2.16347e+02	2.69490e-02	2.03000e+00
2.17291e+02	2.71953e-02	2.03000e+00
2.18672e+02	2.75594e-02	2.03000e+00
2.19835e+02	2.78956e-02	2.03000e+00
2.20997e+02	2.82375e-02	2.03000e+00
2.22160e+02	2.85760e-02	2.03000e+00
2.23322e+02	2.89110e-02	2.03000e+00
2.24413e+02	2.92177e-02	2.03000e+00
2.25648e+02	2.95723e-02	2.03000e+00
2.26810e+02	2.99101e-02	2.03000e+00
2.27973e+02	3.02500e-02	2.03000e+00
2.29136e+02	3.05868e-02	2.03000e+00
2.30298e+02	3.09224e-02	2.03000e+00
2.31419e+02	3.12401e-02	2.03000e+00
2.32624e+02	3.15876e-02	2.03000e+00
2.33786e+02	3.19276e-02	2.03000e+00
2.34949e+02	3.22691e-02	2.03000e+00
2.36112e+02	3.26115e-02	2.03000e+00
2.37274e+02	3.29675e-02	2.03000e+00
2.38245e+02	3.32624e-02	2.03000e+00
2.39577e+02	3.36669e-02	2.03000e+00
2.40762e+02	3.40302e-02	2.03000e+00
2.41925e+02	3.43771e-02	2.03000e+00
2.43088e+02	3.47221e-02	2.03000e+00
2.44250e+02	3.50646e-02	2.03000e+00
2.45413e+02	3.54043e-02	2.03000e+00
2.46401e+02	3.56893e-02	2.03000e+00
2.47678e+02	3.60938e-02	2.03000e+00
2.48901e+02	3.64537e-02	2.03000e+00
2.50064e+02	3.68144e-02	2.03000e+00
2.51226e+02	3.71782e-02	2.03000e+00
2.52389e+02	3.75377e-02	2.03000e+00
2.53552e+02	3.79643e-02	2.03000e+00
2.54714e+02	3.84568e-02	2.03000e+00
2.55758e+02	3.89251e-02	2.03000e+00
2.56769e+02	3.93296e-02	2.03000e+00
2.57989e+02	3.97340e-02	2.03000e+00
2.59213e+02	4.01385e-02	2.03000e+00
2.60431e+02	4.05430e-02	2.03000e+00
3.03214e+01	1.12319e-03	2.69000e+00
3.14840e+01	1.15813e-03	2.69000e+00
3.26467e+01	1.19232e-03	2.69000e+00
3.38093e+01	1.22583e-03	2.69000e+00
3.49720e+01	1.25813e-03	2.69000e+00
3.61347e+01	1.28531e-03	2.69000e+00
3.72973e+01	1.31655e-03	2.69000e+00
3.84600e+01	1.36580e-03	2.69000e+00
3.96226e+01	1.41253e-03	2.69000e+00
4.07853e+01	1.45549e-03	2.69000e+00
4.19479e+01	1.49526e-03	2.69000e+00
4.31106e+01	1.53475e-03	2.69000e+00
4.42733e+01	1.57423e-03	2.69000e+00
4.54359e+01	1.61501e-03	2.69000e+00
4.65986e+01	1.64853e-03	2.69000e+00
4.77612e+01	1.68058e-03	2.69000e+00
4.89239e+01	1.71557e-03	2.69000e+00
5.00865e+01	1.76842e-03	2.69000e+00
5.12492e+01	1.81551e-03	2.69000e+00
5.24119e+01	1.85716e-03	2.69000e+00
5.35745e+01	1.89918e-03	2.69000e+00
5.47372e+01	1.94263e-03	2.69000e+00
5.58998e+01	1.98551e-03	2.69000e+00
5.70625e+01	2.02265e-03	2.69000e+00
5.82251e+01	2.05950e-03	2.69000e+00
5.93878e+01	2.09632e-03	2.69000e+00
6.05505e+01	2.14577e-03	2.69000e+00
6.17131e+01	2.19757e-03	2.69000e+00
6.28758e+01	2.24423e-03	2.69000e+00
6.40384e+01	2.29377e-03	2.69000e+00
6.52011e+01	2.34270e-03	2.69000e+00
6.63637e+01	2.38996e-03	2.69000e+00
6.75264e+01	2.42929e-03	2.69000e+00
6.86891e+01	2.46789e-03	2.69000e+00
6.98517e+01	2.50932e-03	2.69000e+00
7.10144e+01	2.56584e-03	2.69000e+00
7.21770e+01	2.61818e-03	2.69000e+00
7.33397e+01	2.66585e-03	2.69000e+00
7.45023e+01	2.71478e-03	2.69000e+00
7.56650e+01	2.76317e-03	2.69000e+00
7.68277e+01	2.81050e-03	2.69000e+00
7.79903e+01	2.85209e-03	2.69000e+00
7.91530e+01	2.89380e-03	2.69000e+00
8.03156e+01	2.94852e-03	2.69000e+00
8.14783e+01	3.01135e-03	2.69000e+00
8.26410e+01	3.06640e-03	2.69000e+00
8.38036e+01	3.11734e-03	2.69000e+00
8.49663e+01	3.16978e-03	2.69000e+00
8.61289e+01	3.21934e-03	2.69000e+00
8.72916e+01	3.26743e-03	2.69000e+00
8.84542e+01	3.31411e-03	2.69000e+00
8.96169e+01	3.37488e-03	2.69000e+00
9.07796e+01	3.43797e-03	2.69000e+00
9.19422e+01	3.49922e-03	2.69000e+00
9.31049e+01	3.55409e-03	2.69000e+00
9.42675e+01	3.60610e-03	2.69000e+00
9.54302e+01	3.65755e-03	2.69000e+00
9.65928e+01	3.71204e-03	2.69000e+00
9.77555e+01	3.77835e-03	2.69000e+00
9.89182e+01	3.84484e-03	2.69000e+00
1.00081e+02	3.90979e-03	2.69000e+00
1.01243e+02	3.97040e-03	2.69000e+00
1.02406e+02	4.02853e-03	2.69000e+00
1.03569e+02	4.08059e-03	2.69000e+00
1.04731e+02	4.14121e-03	2.69000e+00
1.05894e+02	4.21630e-03	2.69000e+00
1.07057e+02	4.28784e-03	2.69000e+00
1.08219e+02	4.35385e-03	2.69000e+00
1.09382e+02	4.41127e-03	2.69000e+00
1.10545e+02	4.46772e-03	2.69000e+00
1.11707e+02	4.53155e-03	2.69000e+00
1.12870e+02	4.61061e-03	2.69000e+00
1.14033e+02	4.68156e-03	2.69000e+00
1.15195e+02	4.75336e-03	2.69000e+00
1.16358e+02	4.82042e-03	2.69000e+00
1.17521e+02	4.88250e-03	2.69000e+00
1.18683e+02	4.95205e-03	2.69000e+00
1.19846e+02	5.03960e-03	2.69000e+00
1.21009e+02	5.11953e-03	2.69000e+00
1.22171e+02	5.19281e-03	2.69000e+00
1.23334e+02	5.26057e-03	2.69000e+00
1.24497e+02	5.33002e-03	2.69000e+00
1.25659e+02	5.41614e-03	2.69000e+00
1.26822e+02	5.50038e-03	2.69000e+00
1.27985e+02	5.57728e-03	2.69000e+00
1.29147e+02	5.64988e-03	2.69000e+00
1.30310e+02	5.72461e-03	2.69000e+00
1.31473e+02	5.81721e-03	2.69000e+00
1.32635e+02	5.90834e-03	2.69000e+00
1.33798e+02	5.99362e-03	2.69000e+00
1.34961e+02	6.06648e-03	2.69000e+00
1.36123e+02	6.15074e-03	2.69000e+00
1.37286e+02	6.25082e-03	2.69000e+00
1.38449e+02	6.34303e-03	2.69000e+00
1.39611e+02	6.42719e-03	2.69000e+00
1.40774e+02	6.50635e-03	2.69000e+00
1.41936e+02	6.60376e-03	2.69000e+00
1.43099e+02	6.70436e-03	2.69000e+00
1.44262e+02	6.79704e-03	2.69000e+00
1.45424e+02	6.88193e-03	2.69000e+00
1.46587e+02	6.98584e-03	2.69000e+00
1.47750e+02	7.10007e-03	2.69000e+00
1.48912e+02	7.20145e-03	2.69000e+00
1.50075e+02	7.29369e-03	2.69000e+00
1.51238e+02	7.40048e-03	2.69000e+00
1.52400e+02	7.51659e-03	2.69000e+00
1.53563e+02	7.61921e-03	2.69000e+00
1.54726e+02	7.71790e-03	2.69000e+00
1.55888e+02	7.83537e-03	2.69000e+00
1.57051e+02	7.95846e-03	2.69000e+00
1.58214e+02	8.06641e-03	2.69000e+00
1.59376e+02	8.18357e-03	2.69000e+00
1.60539e+02	8.30961e-03	2.69000e+00
1.61702e+02	8.41956e-03	2.69000e+00
1.62864e+02	8.52982e-03	2.69000e+00
1.64027e+02	8.65525e-03	2.69000e+00
1.65190e+02	8.77737e-03	2.69000e+00
1.66352e+02	8.88708e-03	2.69000e+00
1.67515e+02	9.01856e-03	2.69000e+00
1.68678e+02	9.15553e-03	2.69000e+00
1.69840e+02	9.27430e-03	2.69000e+00
1.71001e+02	9.39844e-03	2.69000e+00
1.72166e+02	9.54540e-03	2.69000e+00
1.73328e+02	9.67165e-03	2.69000e+00
1.74446e+02	9.80292e-03	2.69000e+00
1.75654e+02	9.95567e-03	2.69000e+00
1.76816e+02	1.00831e-02	2.69000e+00
1.77979e+02	1.02322e-02	2.69000e+00
1.79142e+02	1.03851e-02	2.69000e+00
1.80304e+02	1.05239e-02	2.69000e+00
1.81467e+02	1.06770e-02	2.69000e+00
1.82629e+02	1.08304e-02	2.69000e+00
1.83792e+02	1.09863e-02	2.69000e+00
1.84955e+02	1.11554e-02	2.69000e+00
1.86117e+02	1.13069e-02	2.69000e+00
1.87280e+02	1.14713e-02	2.69000e+00
1.88443e+02	1.16421e-02	2.69000e+00
1.89605e+02	1.18121e-02	2.69000e+00
1.90768e+02	1.19922e-02	2.69000e+00
1.91931e+02	1.21558e-02	2.69000e+00
1.93093e+02	1.23319e-02	2.69000e+00
1.94256e+02	1.25002e-02	2.69000e+00
1.95419e+02	1.26805e-02	2.69000e+00
1.96581e+02	1.28535e-02	2.69000e+00
1.97744e+02	1.30260e-02	2.69000e+00
1.98907e+02	1.32229e-02	2.69000e+00
2.00069e+02	1.34120e-02	2.69000e+00
2.01232e+02	1.36107e-02	2.69000e+00
2.02395e+02	1.37986e-02	2.69000e+00
2.03557e+02	1.39982e-02	2.69000e+00
2.04720e+02	1.41947e-02	2.69000e+00
2.05883e+02	1.44029e-02	2.69000e+00
2.07045e+02	1.45934e-02	2.69000e+00
2.08208e+02	1.48021e-02	2.69000e+00
2.09371e+02	1.50100e-02	2.69000e+00
2.10533e+02	1.52246e-02	2.69000e+00
2.11696e+02	1.54333e-02	2.69000e+00
2.12859e+02	1.56503e-02	2.69000e+00
2.14018e+02	1.58700e-02	2.69000e+00
2.15184e+02	1.60924e-02	2.69000e+00
2.16347e+02	1.63175e-02	2.69000e+00
2.17509e+02	1.65352e-02	2.69000e+00
2.18672e+02	1.67749e-02	2.69000e+00
2.19835e+02	1.70141e-02	2.69000e+00
2.20997e+02	1.72590e-02	2.69000e+00
2.22094e+02	1.74879e-02	2.69000e+00
2.23322e+02	1.77409e-02	2.69000e+00
2.24485e+02	1.79910e-02	2.69000e+00
2.25648e+02	1.82366e-02	2.69000e+00
2.26810e+02	1.84863e-02	2.69000e+00
2.27812e+02	1.87014e-02	2.69000e+00
2.29136e+02	1.89845e-02	2.69000e+00
2.30298e+02	1.92498e-02	2.69000e+00
2.31425e+02	1.95103e-02	2.69000e+00
2.32624e+02	1.97884e-02	2.69000e+00
2.33786e+02	2.00591e-02	2.69000e+00
2.34911e+02	2.03193e-02	2.69000e+00
2.36112e+02	2.05977e-02	2.69000e+00
2.37274e+02	2.08683e-02	2.69000e+00
2.38398e+02	2.11282e-02	2.69000e+00
2.39600e+02	2.14043e-02	2.69000e+00
2.40762e+02	2.16755e-02	2.69000e+00
2.41868e+02	2.19372e-02	2.69000e+00
2.43088e+02	2.22265e-02	2.69000e+00
2.44250e+02	2.25022e-02	2.69000e+00
2.45288e+02	2.27461e-02	2.69000e+00
2.46576e+02	2.30686e-02	2.69000e+00
2.47738e+02	2.33613e-02	2.69000e+00
2.48901e+02	2.36559e-02	2.69000e+00
2.50064e+02	2.39465e-02	2.69000e+00
2.51226e+02	2.42355e-02	2.69000e+00
2.52389e+02	2.45337e-02	2.69000e+00
2.53552e+02	2.48375e-02	2.69000e+00
2.54714e+02	2.51377e-02	2.69000e+00
2.55877e+02	2.54397e-02	2.69000e+00
2.57040e+02	2.58013e-02	2.69000e+00
2.58202e+02	2.62762e-02	2.69000e+00
2.59365e+02	2.67657e-02	2.69000e+00
2.60528e+02	2.71397e-02	2.69000e+00
2.61690e+02	2.74731e-02	2.69000e+00
2.62853e+02	2.78129e-02	2.69000e+00
2.64015e+02	2.81498e-02	2.69000e+00
2.65178e+02	2.84974e-02	2.69000e+00
2.66249e+02	2.88132e-02	2.69000e+00
2.67503e+02	2.91923e-02	2.69000e+00
2.68666e+02	2.95445e-02	2.69000e+00
4.94502e+01	9.04475e-04	3.92000e+00
5.12492e+01	9.45913e-04	3.92000e+00
5.24119e+01	9.67597e-04	3.92000e+00
5.35745e+01	9.88859e-04	3.92000e+00
5.47372e+01	1.01083e-03	3.92000e+00
5.58998e+01	1.03643e-03	3.92000e+00
5.70625e+01	1.05906e-03	3.92000e+00
5.82251e+01	1.08239e-03	3.92000e+00
5.93878e+01	1.10584e-03	3.92000e+00
6.05505e+01	1.12864e-03	3.92000e+00
6.17131e+01	1.14881e-03	3.92000e+00
6.28758e+01	1.16655e-03	3.92000e+00
6.40384e+01	1.18393e-03	3.92000e+00
6.52011e+01	1.20145e-03	3.92000e+00
6.63637e+01	1.22226e-03	3.92000e+00
6.75264e+01	1.23943e-03	3.92000e+00
6.86891e+01	1.25855e-03	3.92000e+00
6.98517e+01	1.27777e-03	3.92000e+00
7.10144e+01	1.29646e-03	3.92000e+00
7.21770e+01	1.31510e-03	3.92000e+00
7.33397e+01	1.33942e-03	3.92000e+00
7.45023e+01	1.36386e-03	3.92000e+00
7.56650e+01	1.38906e-03	3.92000e+00
7.68277e+01	1.41613e-03	3.92000e+00
7.79903e+01	1.43904e-03	3.92000e+00
7.91530e+01	1.46170e-03	3.92000e+00
8.03156e+01	1.48789e-03	3.92000e+00
8.14783e+01	1.51388e-03	3.92000e+00
8.26410e+01	1.53720e-03	3.92000e+00
8.38036e+01	1.56073e-03	3.92000e+00
8.49663e+01	1.58669e-03	3.92000e+00
8.61289e+01	1.61219e-03	3.92000e+00
8.72916e+01	1.63638e-03	3.92000e+00
8.84542e+01	1.65590e-03	3.92000e+00
8.96169e+01	1.67688e-03	3.92000e+00
9.07796e+01	1.69940e-03	3.92000e+00
9.19422e+01	1.72599e-03	3.92000e+00
9.31049e+01	1.75566e-03	3.92000e+00
9.42675e+01	1.78360e-03	3.92000e+00
9.54302e+01	1.81113e-03	3.92000e+00
9.65928e+01	1.83836e-03	3.92000e+00
9.77555e+01	1.86812e-03	3.92000e+00
9.89182e+01	1.89319e-03	3.92000e+00
1.00081e+02	1.92265e-03	3.92000e+00
1.01243e+02	1.95525e-03	3.92000e+00
1.02406e+02	1.98716e-03	3.92000e+00
1.03569e+02	2.01423e-03	3.92000e+00
1.04731e+02	2.04130e-03	3.92000e+00
1.05894e+02	2.07050e-03	3.92000e+00
1.07057e+02	2.09913e-03	3.92000e+00
1.08219e+02	2.12871e-03	3.92000e+00
1.09382e+02	2.15964e-03	3.92000e+00
1.10545e+02	2.19008e-03	3.92000e+00
1.11707e+02	2.22017e-03	3.92000e+00
1.12870e+02	2.25338e-03	3.92000e+00
1.14033e+02	2.28576e-03	3.92000e+00
1.15195e+02	2.31856e-03	3.92000e+00
1.16358e+02	2.35229e-03	3.92000e+00
1.17521e+02	2.38919e-03	3.92000e+00
1.18683e+02	2.42488e-03	3.92000e+00
1.19846e+02	2.45637e-03	3.92000e+00
1.21009e+02	2.48851e-03	3.92000e+00
1.22171e+02	2.52268e-03	3.92000e+00
1.23334e+02	2.56422e-03	3.92000e+00
1.24497e+02	2.59832e-03	3.92000e+00
1.25659e+02	2.63238e-03	3.92000e+00
1.26822e+02	2.66834e-03	3.92000e+00
1.27985e+02	2.70628e-03	3.92000e+00
1.29147e+02	2.74497e-03	3.92000e+00
1.30310e+02	2.78045e-03	3.92000e+00
1.31473e+02	2.82068e-03	3.92000e+00
1.32635e+02	2.86400e-03	3.92000e+00
1.33798e+02	2.90613e-03	3.92000e+00
1.34961e+02	2.94314e-03	3.92000e+00
1.36123e+02	2.98203e-03	3.92000e+00
1.37286e+02	3.02262e-03	3.92000e+00
1.38449e+02	3.06886e-03	3.92000e+00
1.39611e+02	3.11257e-03	3.92000e+00
1.40774e+02	3.15249e-03	3.92000e+00
1.41936e+02	3.19654e-03	3.92000e+00
1.43099e+02	3.24226e-03	3.92000e+00
1.44262e+02	3.29016e-03	3.92000e+00
1.45424e+02	3.33306e-03	3.92000e+00
1.46587e+02	3.37823e-03	3.92000e+00
1.47750e+02	3.42565e-03	3.92000e+00
1.48912e+02	3.48034e-03	3.92000e+00
1.50075e+02	3.53094e-03	3.92000e+00
1.51238e+02	3.57627e-03	3.92000e+00
1.52400e+02	3.62736e-03	3.92000e+00
1.53563e+02	3.68097e-03	3.92000e+00
1.54726e+02	3.73694e-03	3.92000e+00
1.55888e+02	3.78795e-03	3.92000e+00
1.57051e+02	3.84104e-03	3.92000e+00
1.58214e+02	3.89668e-03	3.92000e+00
1.59376e+02	3.95830e-03	3.92000e+00
1.60539e+02	4.01549e-03	3.92000e+00
1.61702e+02	4.06591e-03	3.92000e+00
1.62864e+02	4.11893e-03	3.92000e+00
1.64027e+02	4.18137e-03	3.92000e+00
1.65190e+02	4.24503e-03	3.92000e+00
1.66352e+02	4.30097e-03	3.92000e+00
1.67515e+02	4.36029e-03	3.92000e+00
1.68678e+02	4.42423e-03	3.92000e+00
1.69840e+02	4.49176e-03	3.92000e+00
1.71003e+02	4.55703e-03	3.92000e+00
1.72166e+02	4.61813e-03	3.92000e+00
1.73328e+02	4.68269e-03	3.92000e+00
1.74491e+02	4.75288e-03	3.92000e+00
1.75654e+02	4.82789e-03	3.92000e+00
1.76816e+02	4.89318e-03	3.92000e+00
1.77979e+02	4.95846e-03	3.92000e+00
1.79142e+02	5.03256e-03	3.92000e+00
1.80304e+02	5.11408e-03	3.92000e+00
1.81467e+02	5.19093e-03	3.92000e+00
1.82629e+02	5.26224e-03	3.92000e+00
1.83792e+02	5.33571e-03	3.92000e+00
1.84955e+02	5.42386e-03	3.92000e+00
1.86117e+02	5.51314e-03	3.92000e+00
1.87280e+02	5.59218e-03	3.92000e+00
1.88443e+02	5.67026e-03	3.92000e+00
1.89599e+02	5.75817e-03	3.92000e+00
1.90768e+02	5.85636e-03	3.92000e+00
1.91931e+02	5.94776e-03	3.92000e+00
1.93093e+02	6.02964e-03	3.92000e+00
1.94256e+02	6.11412e-03	3.92000e+00
1.95419e+02	6.21281e-03	3.92000e+00
1.96581e+02	6.31426e-03	3.92000e+00
1.97744e+02	6.40683e-03	3.92000e+00
1.98907e+02	6.49774e-03	3.92000e+00
2.00069e+02	6.59839e-03	3.92000e+00
2.01232e+02	6.71091e-03	3.92000e+00
2.02395e+02	6.81872e-03	3.92000e+00
2.03557e+02	6.91624e-03	3.92000e+00
2.04720e+02	7.02557e-03	3.92000e+00
2.05883e+02	7.14580e-03	3.92000e+00
2.07045e+02	7.25196e-03	3.92000e+00
2.08208e+02	7.35686e-03	3.92000e+00
2.09371e+02	7.47363e-03	3.92000e+00
2.10533e+02	7.60213e-03	3.92000e+00
2.11696e+02	7.72587e-03	3.92000e+00
2.12859e+02	7.84050e-03	3.92000e+00
2.14021e+02	7.96038e-03	3.92000e+00
2.15184e+02	8.09218e-03	3.92000e+00
2.16347e+02	8.23099e-03	3.92000e+00
2.17509e+02	8.36134e-03	3.92000e+00
2.18672e+02	8.48910e-03	3.92000e+00
2.19835e+02	8.62622e-03	3.92000e+00
2.20997e+02	8.78042e-03	3.92000e+00
2.22160e+02	8.93118e-03	3.92000e+00
2.23322e+02	9.06783e-03	3.92000e+00
2.24485e+02	9.20705e-03	3.92000e+00
2.25648e+02	9.36140e-03	3.92000e+00
2.26810e+02	9.52478e-03	3.92000e+00
2.27973e+02	9.68014e-03	3.92000e+00
2.29136e+02	9.82925e-03	3.92000e+00
2.30298e+02	9.98555e-03	3.92000e+00
2.31461e+02	1.01584e-02	3.92000e+00
2.32624e+02	1.03347e-02	3.92000e+00
2.33786e+02	1.05000e-02	3.92000e+00
2.34949e+02	1.06655e-02	3.92000e+00
2.36112e+02	1.08439e-02	3.92000e+00
2.37274e+02	1.10370e-02	3.92000e+00
2.38437e+02	1.12233e-02	3.92000e+00
2.39600e+02	1.13953e-02	3.92000e+00
2.40762e+02	1.15706e-02	3.92000e+00
2.41925e+02	1.17625e-02	3.92000e+00
2.43088e+02	1.19611e-02	3.92000e+00
2.44250e+02	1.21548e-02	3.92000e+00
2.45413e+02	1.23462e-02	3.92000e+00
2.46576e+02	1.25456e-02	3.92000e+00
2.47738e+02	1.27621e-02	3.92000e+00
2.48901e+02	1.29803e-02	3.92000e+00
2.50064e+02	1.31826e-02	3.92000e+00
2.51226e+02	1.33849e-02	3.92000e+00
2.52389e+02	1.36020e-02	3.92000e+00
2.53552e+02	1.38308e-02	3.92000e+00
2.54714e+02	1.40560e-02	3.92000e+00
2.55757e+02	1.42521e-02	3.92000e+00
2.57040e+02	1.44953e-02	3.92000e+00
2.58202e+02	1.47338e-02	3.92000e+00
2.59365e+02	1.49775e-02	3.92000e+00
2.60528e+02	1.52096e-02	3.92000e+00
2.61690e+02	1.54345e-02	3.92000e+00
2.62853e+02	1.56644e-02	3.92000e+00
2.64015e+02	1.59102e-02	3.92000e+00
2.65178e+02	1.61576e-02	3.92000e+00
2.66341e+02	1.63931e-02	3.92000e+00
2.67503e+02	1.66274e-02	3.92000e+00
2.68666e+02	1.68711e-02	3.92000e+00
2.69829e+02	1.71268e-02	3.92000e+00
2.70991e+02	1.73823e-02	3.92000e+00
2.72154e+02	1.76369e-02	3.92000e+00
2.73317e+02	1.78915e-02	3.92000e+00
2.74408e+02	1.82969e-02	3.92000e+00
2.75642e+02	1.86210e-02	3.92000e+00
1.21227e+02	9.04475e-04	6.96000e+00
1.23334e+02	9.31774e-04	6.96000e+00
1.24497e+02	9.45214e-04	6.96000e+00
1.25659e+02	9.57967e-04	6.96000e+00
1.26822e+02	9.70949e-04	6.96000e+00
1.27985e+02	9.84063e-04	6.96000e+00
1.29147e+02	9.98221e-04	6.96000e+00
1.30310e+02	1.01514e-03	6.96000e+00
1.31473e+02	1.03141e-03	6.96000e+00
1.32635e+02	1.04706e-03	6.96000e+00
1.33798e+02	1.06319e-03	6.96000e+00
1.34961e+02	1.07584e-03	6.96000e+00
1.36123e+02	1.08953e-03	6.96000e+00
1.37286e+02	1.10341e-03	6.96000e+00
1.38449e+02	1.11679e-03	6.96000e+00
1.39611e+02	1.13094e-03	6.96000e+00
1.40774e+02	1.14494e-03	6.96000e+00
1.41936e+02	1.15915e-03	6.96000e+00
1.43099e+02	1.17454e-03	6.96000e+00
1.44262e+02	1.18971e-03	6.96000e+00
1.45424e+02	1.20108e-03	6.96000e+00
1.46587e+02	1.21341e-03	6.96000e+00
1.47750e+02	1.22701e-03	6.96000e+00
1.48912e+02	1.24116e-03	6.96000e+00
1.50075e+02	1.25422e-03	6.96000e+00
1.51238e+02	1.26550e-03	6.96000e+00
1.52400e+02	1.27668e-03	6.96000e+00
1.53563e+02	1.28999e-03	6.96000e+00
1.54726e+02	1.30397e-03	6.96000e+00
1.55888e+02	1.31946e-03	6.96000e+00
1.57051e+02	1.33788e-03	6.96000e+00
1.58214e+02	1.35609e-03	6.96000e+00
1.59376e+02	1.37472e-03	6.96000e+00
1.60539e+02	1.39447e-03	6.96000e+00
1.61702e+02	1.41125e-03	6.96000e+00
1.62864e+02	1.42894e-03	6.96000e+00
1.64027e+02	1.45324e-03	6.96000e+00
1.65190e+02	1.47743e-03	6.96000e+00
1.66352e+02	1.49903e-03	6.96000e+00
1.67515e+02	1.52319e-03	6.96000e+00
1.68678e+02	1.54686e-03	6.96000e+00
1.69840e+02	1.57006e-03	6.96000e+00
1.71003e+02	1.59032e-03	6.96000e+00
1.72166e+02	1.60820e-03	6.96000e+00
1.73328e+02	1.62847e-03	6.96000e+00
1.74491e+02	1.65025e-03	6.96000e+00
1.75654e+02	1.67133e-03	6.96000e+00
1.76816e+02	1.68787e-03	6.96000e+00
1.77979e+02	1.70419e-03	6.96000e+00
1.79142e+02	1.72347e-03	6.96000e+00
1.80304e+02	1.75111e-03	6.96000e+00
1.81467e+02	1.77753e-03	6.96000e+00
1.82629e+02	1.80276e-03	6.96000e+00
1.83792e+02	1.82885e-03	6.96000e+00
1.84955e+02	1.85582e-03	6.96000e+00
1.86117e+02	1.88500e-03	6.96000e+00
1.87280e+02	1.91794e-03	6.96000e+00
1.88443e+02	1.95036e-03	6.96000e+00
1.89605e+02	1.98367e-03	6.96000e+00
1.90768e+02	2.01596e-03	6.96000e+00
1.91931e+02	2.04352e-03	6.96000e+00
1.93093e+02	2.06807e-03	6.96000e+00
1.94256e+02	2.09235e-03	6.96000e+00
1.95419e+02	2.11843e-03	6.96000e+00
1.96581e+02	2.15622e-03	6.96000e+00
1.97744e+02	2.18788e-03	6.96000e+00
1.98907e+02	2.22144e-03	6.96000e+00
2.00069e+02	2.25640e-03	6.96000e+00
2.01232e+02	2.29285e-03	6.96000e+00
2.02395e+02	2.33066e-03	6.96000e+00
2.03557e+02	2.37124e-03	6.96000e+00
2.04720e+02	2.41471e-03	6.96000e+00
2.05883e+02	2.45537e-03	6.96000e+00
2.07045e+02	2.48914e-03	6.96000e+00
2.08208e+02	2.51986e-03	6.96000e+00
2.09371e+02	2.55915e-03	6.96000e+00
2.10533e+02	2.60762e-03	6.96000e+00
2.11696e+02	2.65240e-03	6.96000e+00
2.12859e+02	2.69523e-03	6.96000e+00
2.14021e+02	2.74223e-03	6.96000e+00
2.15184e+02	2.79691e-03	6.96000e+00
2.16347e+02	2.85017e-03	6.96000e+00
2.17509e+02	2.89463e-03	6.96000e+00
2.18672e+02	2.93755e-03	6.96000e+00
2.19835e+02	2.98825e-03	6.96000e+00
2.20997e+02	3.04789e-03	6.96000e+00
2.22160e+02	3.10376e-03	6.96000e+00
2.23322e+02	3.15703e-03	6.96000e+00
2.24485e+02	3.21295e-03	6.96000e+00
2.25648e+02	3.27903e-03	6.96000e+00
2.26810e+02	3.34042e-03	6.96000e+00
2.27973e+02	3.40003e-03	6.96000e+00
2.29136e+02	3.46072e-03	6.96000e+00
2.30298e+02	3.52701e-03	6.96000e+00
2.31461e+02	3.59776e-03	6.96000e+00
2.32624e+02	3.66990e-03	6.96000e+00
2.33775e+02	3.73580e-03	6.96000e+00
2.34949e+02	3.80719e-03	6.96000e+00
2.36112e+02	3.88319e-03	6.96000e+00
2.37274e+02	3.96887e-03	6.96000e+00
2.38437e+02	4.04415e-03	6.96000e+00
2.39600e+02	4.12031e-03	6.96000e+00
2.40762e+02	4.19823e-03	6.96000e+00
2.41925e+02	4.29011e-03	6.96000e+00
2.43088e+02	4.38180e-03	6.96000e+00
2.44250e+02	4.47040e-03	6.96000e+00
2.45413e+02	4.55960e-03	6.96000e+00
2.46576e+02	4.65706e-03	6.96000e+00
2.47738e+02	4.76823e-03	6.96000e+00
2.48901e+02	4.86654e-03	6.96000e+00
2.50064e+02	4.96492e-03	6.96000e+00
2.51226e+02	5.06834e-03	6.96000e+00
2.52389e+02	5.18257e-03	6.96000e+00
2.53552e+02	5.30040e-03	6.96000e+00
2.54714e+02	5.41370e-03	6.96000e+00
2.55877e+02	5.52701e-03	6.96000e+00
2.57040e+02	5.65138e-03	6.96000e+00
2.58202e+02	5.78689e-03	6.96000e+00
2.59365e+02	5.94092e-03	6.96000e+00
2.60528e+02	6.11591e-03	6.96000e+00
2.61690e+02	6.31372e-03	6.96000e+00
2.62853e+02	6.51153e-03	6.96000e+00
2.64015e+02	6.68128e-03	6.96000e+00
2.65178e+02	6.79822e-03	6.96000e+00
2.66341e+02	6.95343e-03	6.96000e+00
2.67503e+02	7.11646e-03	6.96000e+00
2.68666e+02	7.27949e-03	6.96000e+00
2.69829e+02	7.37928e-03	6.96000e+00
2.70991e+02	7.46117e-03	6.96000e+00
2.72154e+02	7.55209e-03	6.96000e+00
2.73317e+02	7.68792e-03	6.96000e+00
2.74479e+02	7.86504e-03	6.96000e+00
2.75642e+02	8.03172e-03	6.96000e+00
2.76805e+02	8.19841e-03	6.96000e+00
2.77967e+02	8.38187e-03	6.96000e+00
2.79130e+02	8.57721e-03	6.96000e+00
