# BEGIN METADATA
# {
#   "authors": "L. D. Wittwer, S. Aland",
#   "channel_width": 20.0,
#   "channel_width_unit": "um",
#   "date": "2022-08-26",
#   "dimensionality": "3D",
#   "flow_rate": 0.04,
#   "flow_rate_unit": "uL/s",
#   "fluid_consistency_coefficient": 0.4057,
#   "fluid_consistency_coefficient_unit": "Pa s",
#   "fluid_density": 1000.0,
#   "fluid_density_unit": "kg m^-3",
#   "fluid_flow_behaviour_index": 0.6039,
#   "fluid_flow_behaviour_index_unit": "",
#   "fluid_viscosity": 6.0,
#   "fluid_viscosity_unit": "mPa s",
#   "lut identifier": "HE-3D-FEM-22",
#   "method": "FEM",
#   "model": "hyper-elastic solid / non-Newtonian fluid",
#   "software": "COMSOL 5.5",
#   "solid_density": 1000.0,
#   "solid_density_unit": "kg m^-3",
#   "summary": "3D FEM simulation with a hyper-elastic elasticity model and non-Newtonian fluid"
# }
# END METADATA
#
# volume [um^3]	deform	emodulus [kPa]
1.37148e+02	2.21319e-02	6.10000e-01
1.43612e+02	2.27967e-02	6.10000e-01
1.45932e+02	2.31506e-02	6.10000e-01
1.48277e+02	2.35045e-02	6.10000e-01
1.50579e+02	2.38584e-02	6.10000e-01
1.52953e+02	2.42123e-02	6.10000e-01
1.55727e+02	2.45662e-02	6.10000e-01
1.59084e+02	2.49202e-02	6.10000e-01
1.62778e+02	2.52741e-02	6.10000e-01
1.65904e+02	2.56280e-02	6.10000e-01
1.67907e+02	2.59819e-02	6.10000e-01
1.69909e+02	2.63358e-02	6.10000e-01
1.72207e+02	2.66897e-02	6.10000e-01
1.75022e+02	2.70436e-02	6.10000e-01
1.78054e+02	2.73976e-02	6.10000e-01
1.80604e+02	2.77515e-02	6.10000e-01
1.83154e+02	2.81054e-02	6.10000e-01
1.85727e+02	2.84593e-02	6.10000e-01
1.88499e+02	2.88132e-02	6.10000e-01
1.90823e+02	2.91671e-02	6.10000e-01
1.93537e+02	2.95211e-02	6.10000e-01
1.96407e+02	2.98750e-02	6.10000e-01
1.99278e+02	3.02289e-02	6.10000e-01
2.02043e+02	3.05828e-02	6.10000e-01
2.04222e+02	3.09367e-02	6.10000e-01
2.06413e+02	3.12906e-02	6.10000e-01
2.08808e+02	3.16445e-02	6.10000e-01
2.11482e+02	3.19985e-02	6.10000e-01
2.14527e+02	3.23524e-02	6.10000e-01
2.16985e+02	3.27063e-02	6.10000e-01
2.19294e+02	3.30602e-02	6.10000e-01
2.21603e+02	3.34141e-02	6.10000e-01
2.23912e+02	3.37680e-02	6.10000e-01
2.26261e+02	3.41220e-02	6.10000e-01
2.28728e+02	3.44759e-02	6.10000e-01
2.31120e+02	3.48298e-02	6.10000e-01
2.33809e+02	3.51837e-02	6.10000e-01
2.36620e+02	3.55376e-02	6.10000e-01
2.39430e+02	3.58915e-02	6.10000e-01
2.41696e+02	3.62454e-02	6.10000e-01
2.43608e+02	3.65994e-02	6.10000e-01
2.45520e+02	3.69533e-02	6.10000e-01
2.47598e+02	3.73072e-02	6.10000e-01
2.50021e+02	3.76611e-02	6.10000e-01
2.53020e+02	3.80150e-02	6.10000e-01
2.56052e+02	3.83689e-02	6.10000e-01
2.58916e+02	3.87229e-02	6.10000e-01
2.61739e+02	3.90768e-02	6.10000e-01
2.64562e+02	3.94307e-02	6.10000e-01
2.66879e+02	3.97846e-02	6.10000e-01
2.67715e+02	4.01385e-02	6.10000e-01
2.69099e+02	4.04924e-02	6.10000e-01
2.71420e+02	4.08463e-02	6.10000e-01
2.73838e+02	4.12003e-02	6.10000e-01
2.76605e+02	4.15542e-02	6.10000e-01
2.79371e+02	4.19081e-02	6.10000e-01
2.82248e+02	4.22620e-02	6.10000e-01
2.85202e+02	4.26159e-02	6.10000e-01
2.88222e+02	4.29698e-02	6.10000e-01
2.91244e+02	4.33238e-02	6.10000e-01
2.94266e+02	4.36777e-02	6.10000e-01
2.97288e+02	4.40316e-02	6.10000e-01
3.00310e+02	4.43855e-02	6.10000e-01
3.03332e+02	4.47394e-02	6.10000e-01
3.06354e+02	4.50933e-02	6.10000e-01
3.07679e+02	4.54472e-02	6.10000e-01
3.08259e+02	4.58012e-02	6.10000e-01
3.09043e+02	4.61551e-02	6.10000e-01
3.09938e+02	4.65090e-02	6.10000e-01
3.11170e+02	4.68629e-02	6.10000e-01
3.13633e+02	4.72168e-02	6.10000e-01
3.16310e+02	4.75707e-02	6.10000e-01
3.19130e+02	4.79247e-02	6.10000e-01
3.21950e+02	4.82786e-02	6.10000e-01
3.24770e+02	4.86325e-02	6.10000e-01
3.27590e+02	4.89864e-02	6.10000e-01
3.30410e+02	4.93403e-02	6.10000e-01
3.33230e+02	4.96942e-02	6.10000e-01
3.36050e+02	5.00481e-02	6.10000e-01
3.38871e+02	5.04021e-02	6.10000e-01
3.41691e+02	5.07560e-02	6.10000e-01
3.44511e+02	5.11099e-02	6.10000e-01
3.47331e+02	5.14638e-02	6.10000e-01
3.50151e+02	5.18177e-02	6.10000e-01
3.50954e+02	5.21716e-02	6.10000e-01
3.51569e+02	5.25256e-02	6.10000e-01
3.52184e+02	5.28795e-02	6.10000e-01
3.52599e+02	5.32334e-02	6.10000e-01
3.52760e+02	5.35873e-02	6.10000e-01
3.53155e+02	5.39412e-02	6.10000e-01
3.53880e+02	5.42951e-02	6.10000e-01
3.54425e+02	5.46490e-02	6.10000e-01
3.55176e+02	5.50030e-02	6.10000e-01
3.58217e+02	5.53569e-02	6.10000e-01
3.61430e+02	5.57108e-02	6.10000e-01
3.64783e+02	5.60647e-02	6.10000e-01
3.68290e+02	5.64186e-02	6.10000e-01
3.71861e+02	5.67725e-02	6.10000e-01
3.75431e+02	5.71265e-02	6.10000e-01
3.79001e+02	5.74804e-02	6.10000e-01
3.82571e+02	5.78343e-02	6.10000e-01
3.83895e+02	5.81882e-02	6.10000e-01
3.84979e+02	5.85421e-02	6.10000e-01
3.86064e+02	5.88960e-02	6.10000e-01
3.87149e+02	5.92499e-02	6.10000e-01
3.88549e+02	5.96039e-02	6.10000e-01
3.90221e+02	5.99578e-02	6.10000e-01
3.92075e+02	6.03117e-02	6.10000e-01
3.93919e+02	6.06656e-02	6.10000e-01
3.95755e+02	6.10195e-02	6.10000e-01
3.97583e+02	6.13734e-02	6.10000e-01
3.99402e+02	6.17274e-02	6.10000e-01
4.01212e+02	6.20813e-02	6.10000e-01
4.03014e+02	6.24352e-02	6.10000e-01
4.05541e+02	6.27891e-02	6.10000e-01
4.09107e+02	6.31430e-02	6.10000e-01
1.37148e+02	1.32130e-02	7.70000e-01
1.43096e+02	1.35949e-02	7.70000e-01
1.48702e+02	1.39488e-02	7.70000e-01
1.53606e+02	1.43027e-02	7.70000e-01
1.58624e+02	1.46566e-02	7.70000e-01
1.63641e+02	1.50105e-02	7.70000e-01
1.69098e+02	1.53644e-02	7.70000e-01
1.74536e+02	1.57184e-02	7.70000e-01
1.79453e+02	1.60723e-02	7.70000e-01
1.84267e+02	1.64262e-02	7.70000e-01
1.89121e+02	1.67801e-02	7.70000e-01
1.94139e+02	1.71340e-02	7.70000e-01
1.99334e+02	1.74879e-02	7.70000e-01
2.04624e+02	1.78419e-02	7.70000e-01
2.10046e+02	1.81958e-02	7.70000e-01
2.15198e+02	1.85497e-02	7.70000e-01
2.19753e+02	1.89036e-02	7.70000e-01
2.24163e+02	1.92575e-02	7.70000e-01
2.28903e+02	1.96114e-02	7.70000e-01
2.33729e+02	1.99653e-02	7.70000e-01
2.38911e+02	2.03193e-02	7.70000e-01
2.44279e+02	2.06732e-02	7.70000e-01
2.49813e+02	2.10271e-02	7.70000e-01
2.55014e+02	2.13810e-02	7.70000e-01
2.59453e+02	2.17349e-02	7.70000e-01
2.63766e+02	2.20888e-02	7.70000e-01
2.68634e+02	2.24427e-02	7.70000e-01
2.73503e+02	2.27967e-02	7.70000e-01
2.79186e+02	2.31506e-02	7.70000e-01
2.84880e+02	2.35045e-02	7.70000e-01
2.90575e+02	2.38584e-02	7.70000e-01
2.95850e+02	2.42123e-02	7.70000e-01
3.00759e+02	2.45662e-02	7.70000e-01
3.05667e+02	2.49202e-02	7.70000e-01
3.10576e+02	2.52741e-02	7.70000e-01
3.15538e+02	2.56280e-02	7.70000e-01
3.20718e+02	2.59819e-02	7.70000e-01
3.25897e+02	2.63358e-02	7.70000e-01
3.31086e+02	2.66897e-02	7.70000e-01
3.36281e+02	2.70436e-02	7.70000e-01
3.40831e+02	2.73976e-02	7.70000e-01
3.45264e+02	2.77515e-02	7.70000e-01
3.49697e+02	2.81054e-02	7.70000e-01
3.54131e+02	2.84593e-02	7.70000e-01
3.58958e+02	2.88132e-02	7.70000e-01
3.63947e+02	2.91671e-02	7.70000e-01
3.68938e+02	2.95211e-02	7.70000e-01
3.74255e+02	2.98750e-02	7.70000e-01
3.79581e+02	3.02289e-02	7.70000e-01
3.84858e+02	3.05828e-02	7.70000e-01
3.90050e+02	3.09367e-02	7.70000e-01
3.95242e+02	3.12906e-02	7.70000e-01
4.00434e+02	3.16445e-02	7.70000e-01
4.05412e+02	3.19985e-02	7.70000e-01
4.09996e+02	3.23325e-02	7.70000e-01
4.14806e+02	3.27063e-02	7.70000e-01
4.19334e+02	3.30602e-02	7.70000e-01
4.23638e+02	3.33967e-02	7.70000e-01
4.28389e+02	3.37680e-02	7.70000e-01
4.33283e+02	3.41220e-02	7.70000e-01
4.38547e+02	3.44759e-02	7.70000e-01
4.43810e+02	3.48298e-02	7.70000e-01
4.49066e+02	3.51837e-02	7.70000e-01
4.54223e+02	3.55376e-02	7.70000e-01
4.58866e+02	3.58915e-02	7.70000e-01
4.63239e+02	3.62454e-02	7.70000e-01
4.67612e+02	3.65994e-02	7.70000e-01
4.71985e+02	3.69533e-02	7.70000e-01
4.76357e+02	3.73072e-02	7.70000e-01
4.80826e+02	3.76611e-02	7.70000e-01
4.85807e+02	3.80150e-02	7.70000e-01
4.90796e+02	3.83689e-02	7.70000e-01
4.95786e+02	3.87229e-02	7.70000e-01
5.00776e+02	3.90768e-02	7.70000e-01
5.05493e+02	3.94102e-02	7.70000e-01
5.10986e+02	3.97846e-02	7.70000e-01
5.16194e+02	4.01385e-02	7.70000e-01
5.20453e+02	4.04924e-02	7.70000e-01
5.24272e+02	4.08463e-02	7.70000e-01
5.28092e+02	4.12003e-02	7.70000e-01
5.32170e+02	4.15542e-02	7.70000e-01
5.37258e+02	4.19081e-02	7.70000e-01
5.42393e+02	4.22620e-02	7.70000e-01
5.46763e+02	4.26159e-02	7.70000e-01
5.50850e+02	4.29698e-02	7.70000e-01
5.54944e+02	4.33238e-02	7.70000e-01
5.59104e+02	4.36777e-02	7.70000e-01
5.63383e+02	4.40316e-02	7.70000e-01
5.67663e+02	4.43855e-02	7.70000e-01
5.71768e+02	4.47394e-02	7.70000e-01
5.75677e+02	4.50933e-02	7.70000e-01
5.79586e+02	4.54472e-02	7.70000e-01
5.83604e+02	4.58012e-02	7.70000e-01
5.88118e+02	4.61551e-02	7.70000e-01
5.92834e+02	4.65090e-02	7.70000e-01
5.97551e+02	4.68629e-02	7.70000e-01
6.02268e+02	4.72168e-02	7.70000e-01
6.06985e+02	4.75707e-02	7.70000e-01
6.11607e+02	4.79247e-02	7.70000e-01
6.15804e+02	4.82786e-02	7.70000e-01
6.19993e+02	4.86325e-02	7.70000e-01
6.24111e+02	4.89864e-02	7.70000e-01
6.27339e+02	4.93403e-02	7.70000e-01
6.30563e+02	4.96942e-02	7.70000e-01
6.33787e+02	5.00481e-02	7.70000e-01
6.37102e+02	5.04021e-02	7.70000e-01
6.40874e+02	5.07560e-02	7.70000e-01
6.44989e+02	5.11099e-02	7.70000e-01
6.49153e+02	5.14638e-02	7.70000e-01
6.53253e+02	5.18177e-02	7.70000e-01
6.57283e+02	5.21716e-02	7.70000e-01
6.61314e+02	5.25256e-02	7.70000e-01
6.65346e+02	5.28795e-02	7.70000e-01
6.69394e+02	5.32334e-02	7.70000e-01
6.73446e+02	5.35873e-02	7.70000e-01
6.77499e+02	5.39412e-02	7.70000e-01
6.81225e+02	5.42951e-02	7.70000e-01
6.84716e+02	5.46490e-02	7.70000e-01
6.88207e+02	5.50030e-02	7.70000e-01
6.91699e+02	5.53569e-02	7.70000e-01
6.95455e+02	5.57108e-02	7.70000e-01
6.99552e+02	5.60647e-02	7.70000e-01
7.03701e+02	5.64186e-02	7.70000e-01
7.07850e+02	5.67725e-02	7.70000e-01
7.11999e+02	5.71265e-02	7.70000e-01
7.16148e+02	5.74804e-02	7.70000e-01
7.20297e+02	5.78343e-02	7.70000e-01
7.23771e+02	5.81776e-02	7.70000e-01
7.26893e+02	5.85421e-02	7.70000e-01
7.29903e+02	5.88960e-02	7.70000e-01
7.32913e+02	5.92499e-02	7.70000e-01
7.35913e+02	5.96039e-02	7.70000e-01
7.38775e+02	5.99578e-02	7.70000e-01
7.41627e+02	6.03117e-02	7.70000e-01
7.44478e+02	6.06656e-02	7.70000e-01
7.47330e+02	6.10195e-02	7.70000e-01
7.50182e+02	6.13734e-02	7.70000e-01
7.53820e+02	6.17274e-02	7.70000e-01
7.57867e+02	6.20813e-02	7.70000e-01
7.61914e+02	6.24352e-02	7.70000e-01
7.65961e+02	6.27891e-02	7.70000e-01
7.70008e+02	6.31430e-02	7.70000e-01
7.74055e+02	6.34969e-02	7.70000e-01
7.78102e+02	6.38508e-02	7.70000e-01
7.81608e+02	6.42048e-02	7.70000e-01
7.84707e+02	6.45587e-02	7.70000e-01
7.87806e+02	6.49126e-02	7.70000e-01
7.90905e+02	6.52665e-02	7.70000e-01
7.94004e+02	6.56204e-02	7.70000e-01
7.97103e+02	6.59743e-02	7.70000e-01
8.00201e+02	6.63282e-02	7.70000e-01
8.03300e+02	6.66822e-02	7.70000e-01
8.06399e+02	6.70361e-02	7.70000e-01
8.09498e+02	6.73900e-02	7.70000e-01
8.12597e+02	6.77439e-02	7.70000e-01
8.15696e+02	6.80978e-02	7.70000e-01
8.18795e+02	6.84517e-02	7.70000e-01
8.21894e+02	6.88057e-02	7.70000e-01
8.24993e+02	6.91596e-02	7.70000e-01
8.28092e+02	6.95135e-02	7.70000e-01
8.31220e+02	6.98674e-02	7.70000e-01
8.34395e+02	7.02213e-02	7.70000e-01
8.37580e+02	7.05752e-02	7.70000e-01
8.40640e+02	7.09291e-02	7.70000e-01
8.43611e+02	7.12831e-02	7.70000e-01
8.46485e+02	7.16370e-02	7.70000e-01
8.49630e+02	7.19909e-02	7.70000e-01
8.52702e+02	7.23448e-02	7.70000e-01
8.55721e+02	7.26987e-02	7.70000e-01
8.58555e+02	7.30526e-02	7.70000e-01
8.61488e+02	7.34066e-02	7.70000e-01
8.64585e+02	7.37605e-02	7.70000e-01
8.67549e+02	7.41144e-02	7.70000e-01
8.70410e+02	7.44683e-02	7.70000e-01
1.37148e+02	9.16001e-03	9.10000e-01
1.48907e+02	9.70180e-03	9.10000e-01
1.55748e+02	1.00557e-02	9.10000e-01
1.62590e+02	1.04096e-02	9.10000e-01
1.70191e+02	1.07635e-02	9.10000e-01
1.78075e+02	1.11164e-02	9.10000e-01
1.85180e+02	1.14714e-02	9.10000e-01
1.91718e+02	1.17901e-02	9.10000e-01
2.00180e+02	1.21792e-02	9.10000e-01
2.08280e+02	1.25331e-02	9.10000e-01
2.15954e+02	1.28870e-02	9.10000e-01
2.22857e+02	1.32410e-02	9.10000e-01
2.30071e+02	1.35949e-02	9.10000e-01
2.37607e+02	1.39488e-02	9.10000e-01
2.45734e+02	1.43027e-02	9.10000e-01
2.53974e+02	1.46566e-02	9.10000e-01
2.60752e+02	1.50105e-02	9.10000e-01
2.68112e+02	1.53644e-02	9.10000e-01
2.75968e+02	1.57184e-02	9.10000e-01
2.84673e+02	1.60723e-02	9.10000e-01
2.93379e+02	1.64262e-02	9.10000e-01
3.00857e+02	1.67683e-02	9.10000e-01
3.08681e+02	1.71340e-02	9.10000e-01
3.16369e+02	1.74879e-02	9.10000e-01
3.24445e+02	1.78419e-02	9.10000e-01
3.32540e+02	1.81958e-02	9.10000e-01
3.40366e+02	1.85497e-02	9.10000e-01
3.47380e+02	1.89036e-02	9.10000e-01
3.54394e+02	1.92575e-02	9.10000e-01
3.62098e+02	1.96114e-02	9.10000e-01
3.69069e+02	1.99267e-02	9.10000e-01
3.78297e+02	2.03193e-02	9.10000e-01
3.86330e+02	2.06732e-02	9.10000e-01
3.93525e+02	2.10271e-02	9.10000e-01
4.00840e+02	2.13810e-02	9.10000e-01
4.08236e+02	2.17349e-02	9.10000e-01
4.16281e+02	2.20888e-02	9.10000e-01
4.23638e+02	2.24046e-02	9.10000e-01
4.32807e+02	2.27967e-02	9.10000e-01
4.41269e+02	2.31506e-02	9.10000e-01
4.49749e+02	2.35045e-02	9.10000e-01
4.57998e+02	2.38584e-02	9.10000e-01
4.64565e+02	2.41742e-02	9.10000e-01
4.72496e+02	2.45662e-02	9.10000e-01
4.79621e+02	2.49202e-02	9.10000e-01
4.87429e+02	2.52741e-02	9.10000e-01
4.95614e+02	2.56280e-02	9.10000e-01
5.03798e+02	2.59819e-02	9.10000e-01
5.11657e+02	2.63358e-02	9.10000e-01
5.18939e+02	2.66897e-02	9.10000e-01
5.26221e+02	2.70436e-02	9.10000e-01
5.32777e+02	2.73623e-02	9.10000e-01
5.41195e+02	2.77515e-02	9.10000e-01
5.48874e+02	2.81054e-02	9.10000e-01
5.56554e+02	2.84593e-02	9.10000e-01
5.63963e+02	2.88132e-02	9.10000e-01
5.70972e+02	2.91671e-02	9.10000e-01
5.77982e+02	2.95211e-02	9.10000e-01
5.84991e+02	2.98750e-02	9.10000e-01
5.92822e+02	3.02289e-02	9.10000e-01
6.00824e+02	3.05828e-02	9.10000e-01
6.08826e+02	3.09367e-02	9.10000e-01
6.16461e+02	3.12906e-02	9.10000e-01
6.23021e+02	3.16445e-02	9.10000e-01
6.29550e+02	3.19985e-02	9.10000e-01
6.36079e+02	3.23524e-02	9.10000e-01
6.42851e+02	3.27063e-02	9.10000e-01
6.50238e+02	3.30602e-02	9.10000e-01
6.57624e+02	3.34141e-02	9.10000e-01
6.65011e+02	3.37680e-02	9.10000e-01
6.72230e+02	3.41220e-02	9.10000e-01
6.79026e+02	3.44759e-02	9.10000e-01
6.85823e+02	3.48298e-02	9.10000e-01
6.92619e+02	3.51837e-02	9.10000e-01
6.99623e+02	3.55376e-02	9.10000e-01
7.06993e+02	3.58915e-02	9.10000e-01
7.14362e+02	3.62454e-02	9.10000e-01
7.21732e+02	3.65994e-02	9.10000e-01
7.28832e+02	3.69533e-02	9.10000e-01
7.35066e+02	3.73072e-02	9.10000e-01
7.41301e+02	3.76611e-02	9.10000e-01
7.47535e+02	3.80150e-02	9.10000e-01
7.53896e+02	3.83689e-02	9.10000e-01
7.60935e+02	3.87229e-02	9.10000e-01
7.68256e+02	3.90768e-02	9.10000e-01
7.75577e+02	3.94307e-02	9.10000e-01
7.82898e+02	3.97846e-02	9.10000e-01
7.89514e+02	4.01385e-02	9.10000e-01
7.95733e+02	4.04924e-02	9.10000e-01
8.01951e+02	4.08463e-02	9.10000e-01
8.08170e+02	4.12003e-02	9.10000e-01
8.14637e+02	4.15542e-02	9.10000e-01
8.21535e+02	4.19081e-02	9.10000e-01
8.28580e+02	4.22620e-02	9.10000e-01
8.35625e+02	4.26159e-02	9.10000e-01
8.42670e+02	4.29698e-02	9.10000e-01
8.49168e+02	4.33238e-02	9.10000e-01
8.55354e+02	4.36777e-02	9.10000e-01
8.61540e+02	4.40316e-02	9.10000e-01
8.67726e+02	4.43855e-02	9.10000e-01
8.73837e+02	4.47344e-02	9.10000e-01
8.80749e+02	4.50933e-02	9.10000e-01
8.87480e+02	4.54426e-02	9.10000e-01
8.94390e+02	4.58012e-02	9.10000e-01
9.01122e+02	4.61505e-02	9.10000e-01
9.07786e+02	4.65090e-02	9.10000e-01
9.13640e+02	4.68629e-02	9.10000e-01
9.19493e+02	4.72168e-02	9.10000e-01
9.25347e+02	4.75707e-02	9.10000e-01
9.31232e+02	4.79247e-02	9.10000e-01
9.37460e+02	4.82786e-02	9.10000e-01
9.44132e+02	4.86325e-02	9.10000e-01
9.50950e+02	4.89864e-02	9.10000e-01
9.57769e+02	4.93403e-02	9.10000e-01
9.64587e+02	4.96942e-02	9.10000e-01
9.70832e+02	5.00481e-02	9.10000e-01
9.76449e+02	5.04021e-02	9.10000e-01
9.82067e+02	5.07560e-02	9.10000e-01
9.87684e+02	5.11099e-02	9.10000e-01
9.93301e+02	5.14638e-02	9.10000e-01
9.99024e+02	5.18177e-02	9.10000e-01
1.00514e+03	5.21716e-02	9.10000e-01
1.01129e+03	5.25256e-02	9.10000e-01
1.01744e+03	5.28795e-02	9.10000e-01
1.02360e+03	5.32334e-02	9.10000e-01
1.02975e+03	5.35873e-02	9.10000e-01
1.03556e+03	5.39412e-02	9.10000e-01
1.04123e+03	5.42951e-02	9.10000e-01
1.04690e+03	5.46490e-02	9.10000e-01
1.05256e+03	5.50030e-02	9.10000e-01
1.05823e+03	5.53569e-02	9.10000e-01
1.06419e+03	5.57108e-02	9.10000e-01
1.07057e+03	5.60647e-02	9.10000e-01
1.07698e+03	5.64186e-02	9.10000e-01
1.08338e+03	5.67725e-02	9.10000e-01
1.08978e+03	5.71265e-02	9.10000e-01
1.09609e+03	5.74804e-02	9.10000e-01
1.10099e+03	5.78343e-02	9.10000e-01
1.10576e+03	5.81791e-02	9.10000e-01
1.11078e+03	5.85421e-02	9.10000e-01
1.11567e+03	5.88960e-02	9.10000e-01
1.12058e+03	5.92499e-02	9.10000e-01
1.12583e+03	5.96039e-02	9.10000e-01
1.13161e+03	5.99578e-02	9.10000e-01
1.13799e+03	6.03117e-02	9.10000e-01
1.14444e+03	6.06656e-02	9.10000e-01
1.15090e+03	6.10195e-02	9.10000e-01
1.15735e+03	6.13734e-02	9.10000e-01
1.16344e+03	6.17274e-02	9.10000e-01
1.16898e+03	6.20813e-02	9.10000e-01
1.17453e+03	6.24352e-02	9.10000e-01
1.18007e+03	6.27891e-02	9.10000e-01
1.18562e+03	6.31430e-02	9.10000e-01
1.19116e+03	6.34969e-02	9.10000e-01
1.19663e+03	6.38508e-02	9.10000e-01
1.20183e+03	6.42048e-02	9.10000e-01
1.20703e+03	6.45587e-02	9.10000e-01
1.21223e+03	6.49126e-02	9.10000e-01
1.21743e+03	6.52665e-02	9.10000e-01
1.22262e+03	6.56204e-02	9.10000e-01
1.22799e+03	6.59743e-02	9.10000e-01
1.23396e+03	6.63282e-02	9.10000e-01
1.23995e+03	6.66822e-02	9.10000e-01
1.24593e+03	6.70361e-02	9.10000e-01
1.25192e+03	6.73900e-02	9.10000e-01
1.25791e+03	6.77439e-02	9.10000e-01
1.26354e+03	6.80978e-02	9.10000e-01
1.26820e+03	6.84517e-02	9.10000e-01
1.27286e+03	6.88057e-02	9.10000e-01
1.27752e+03	6.91596e-02	9.10000e-01
1.28219e+03	6.95135e-02	9.10000e-01
1.28677e+03	6.98674e-02	9.10000e-01
1.29021e+03	7.02213e-02	9.10000e-01
1.29334e+03	7.05752e-02	9.10000e-01
1.29804e+03	7.09291e-02	9.10000e-01
1.30297e+03	7.12831e-02	9.10000e-01
1.30790e+03	7.16370e-02	9.10000e-01
1.31283e+03	7.19909e-02	9.10000e-01
1.31776e+03	7.23448e-02	9.10000e-01
1.32269e+03	7.26987e-02	9.10000e-01
1.32829e+03	7.30526e-02	9.10000e-01
1.33470e+03	7.34066e-02	9.10000e-01
1.34111e+03	7.37605e-02	9.10000e-01
1.34753e+03	7.41144e-02	9.10000e-01
1.35394e+03	7.44683e-02	9.10000e-01
1.36025e+03	7.48222e-02	9.10000e-01
1.36586e+03	7.51761e-02	9.10000e-01
1.37124e+03	7.55300e-02	9.10000e-01
1.37663e+03	7.58840e-02	9.10000e-01
1.38202e+03	7.62379e-02	9.10000e-01
1.38741e+03	7.65918e-02	9.10000e-01
1.39279e+03	7.69457e-02	9.10000e-01
1.39794e+03	7.72996e-02	9.10000e-01
1.40228e+03	7.76535e-02	9.10000e-01
1.40662e+03	7.80075e-02	9.10000e-01
1.41095e+03	7.83614e-02	9.10000e-01
1.41529e+03	7.87153e-02	9.10000e-01
1.41953e+03	7.90612e-02	9.10000e-01
1.42397e+03	7.94231e-02	9.10000e-01
1.42862e+03	7.97770e-02	9.10000e-01
1.43398e+03	8.01309e-02	9.10000e-01
1.43957e+03	8.04849e-02	9.10000e-01
1.44515e+03	8.08388e-02	9.10000e-01
1.45074e+03	8.11927e-02	9.10000e-01
1.45632e+03	8.15466e-02	9.10000e-01
1.46110e+03	8.19005e-02	9.10000e-01
1.46547e+03	8.22544e-02	9.10000e-01
1.46980e+03	8.26084e-02	9.10000e-01
1.47410e+03	8.29604e-02	9.10000e-01
1.47841e+03	8.33162e-02	9.10000e-01
1.48308e+03	8.36701e-02	9.10000e-01
1.48890e+03	8.40240e-02	9.10000e-01
1.49493e+03	8.43779e-02	9.10000e-01
1.50095e+03	8.47318e-02	9.10000e-01
1.37148e+02	6.58032e-03	1.07000e+00
1.45378e+02	6.87048e-03	1.07000e+00
1.56090e+02	7.22439e-03	1.07000e+00
1.67307e+02	7.57831e-03	1.07000e+00
1.77565e+02	7.93222e-03	1.07000e+00
1.88544e+02	8.28614e-03	1.07000e+00
2.00259e+02	8.64005e-03	1.07000e+00
2.10645e+02	8.99397e-03	1.07000e+00
2.19002e+02	9.27704e-03	1.07000e+00
2.32396e+02	9.70180e-03	1.07000e+00
2.44280e+02	1.00557e-02	1.07000e+00
2.55068e+02	1.04096e-02	1.07000e+00
2.65945e+02	1.07635e-02	1.07000e+00
2.77619e+02	1.11175e-02	1.07000e+00
2.87214e+02	1.13956e-02	1.07000e+00
3.00857e+02	1.18124e-02	1.07000e+00
3.12789e+02	1.21792e-02	1.07000e+00
3.25128e+02	1.25331e-02	1.07000e+00
3.36038e+02	1.28870e-02	1.07000e+00
3.46880e+02	1.32410e-02	1.07000e+00
3.55426e+02	1.35199e-02	1.07000e+00
3.69069e+02	1.39199e-02	1.07000e+00
3.81341e+02	1.43027e-02	1.07000e+00
3.92439e+02	1.46566e-02	1.07000e+00
4.03746e+02	1.50105e-02	1.07000e+00
4.15818e+02	1.53644e-02	1.07000e+00
4.27254e+02	1.57184e-02	1.07000e+00
4.37281e+02	1.60389e-02	1.07000e+00
4.49392e+02	1.64262e-02	1.07000e+00
4.61581e+02	1.67801e-02	1.07000e+00
4.73640e+02	1.71340e-02	1.07000e+00
4.85054e+02	1.74879e-02	1.07000e+00
4.96469e+02	1.78419e-02	1.07000e+00
5.05493e+02	1.81216e-02	1.07000e+00
5.19135e+02	1.85070e-02	1.07000e+00
5.31606e+02	1.89036e-02	1.07000e+00
5.42647e+02	1.92575e-02	1.07000e+00
5.53764e+02	1.96114e-02	1.07000e+00
5.65395e+02	1.99653e-02	1.07000e+00
5.77882e+02	2.03193e-02	1.07000e+00
5.87347e+02	2.06110e-02	1.07000e+00
5.99911e+02	2.10271e-02	1.07000e+00
6.10397e+02	2.13810e-02	1.07000e+00
6.20883e+02	2.17349e-02	1.07000e+00
6.32151e+02	2.20888e-02	1.07000e+00
6.41917e+02	2.23927e-02	1.07000e+00
6.54444e+02	2.27967e-02	1.07000e+00
6.65349e+02	2.31506e-02	1.07000e+00
6.76254e+02	2.35045e-02	1.07000e+00
6.87643e+02	2.38584e-02	1.07000e+00
6.96486e+02	2.41407e-02	1.07000e+00
7.08883e+02	2.45662e-02	1.07000e+00
7.19006e+02	2.49202e-02	1.07000e+00
7.29130e+02	2.52741e-02	1.07000e+00
7.37413e+02	2.55637e-02	1.07000e+00
7.51042e+02	2.59819e-02	1.07000e+00
7.61319e+02	2.63358e-02	1.07000e+00
7.71419e+02	2.66897e-02	1.07000e+00
7.81518e+02	2.70436e-02	1.07000e+00
7.91618e+02	2.73976e-02	1.07000e+00
8.02302e+02	2.77515e-02	1.07000e+00
8.13484e+02	2.81054e-02	1.07000e+00
8.23497e+02	2.84593e-02	1.07000e+00
8.32910e+02	2.87920e-02	1.07000e+00
8.43524e+02	2.91671e-02	1.07000e+00
8.53538e+02	2.95211e-02	1.07000e+00
8.64170e+02	2.98750e-02	1.07000e+00
8.73837e+02	3.01950e-02	1.07000e+00
8.84650e+02	3.05828e-02	1.07000e+00
8.94442e+02	3.09367e-02	1.07000e+00
9.04234e+02	3.12906e-02	1.07000e+00
9.14026e+02	3.16445e-02	1.07000e+00
9.24332e+02	3.19985e-02	1.07000e+00
9.35007e+02	3.23524e-02	1.07000e+00
9.44464e+02	3.27063e-02	1.07000e+00
9.53921e+02	3.30602e-02	1.07000e+00
9.63378e+02	3.34141e-02	1.07000e+00
9.72835e+02	3.37680e-02	1.07000e+00
9.82337e+02	3.41220e-02	1.07000e+00
9.92689e+02	3.44759e-02	1.07000e+00
1.00249e+03	3.48298e-02	1.07000e+00
1.01026e+03	3.51244e-02	1.07000e+00
1.02116e+03	3.55376e-02	1.07000e+00
1.03050e+03	3.58915e-02	1.07000e+00
1.03984e+03	3.62454e-02	1.07000e+00
1.04957e+03	3.65994e-02	1.07000e+00
1.05988e+03	3.69533e-02	1.07000e+00
1.06891e+03	3.73072e-02	1.07000e+00
1.07774e+03	3.76611e-02	1.07000e+00
1.08657e+03	3.80150e-02	1.07000e+00
1.09540e+03	3.83689e-02	1.07000e+00
1.10423e+03	3.87229e-02	1.07000e+00
1.11349e+03	3.90768e-02	1.07000e+00
1.12357e+03	3.94307e-02	1.07000e+00
1.13289e+03	3.97846e-02	1.07000e+00
1.14178e+03	4.01385e-02	1.07000e+00
1.15067e+03	4.04924e-02	1.07000e+00
1.15955e+03	4.08463e-02	1.07000e+00
1.16844e+03	4.12003e-02	1.07000e+00
1.17749e+03	4.15542e-02	1.07000e+00
1.18725e+03	4.19081e-02	1.07000e+00
1.19677e+03	4.22620e-02	1.07000e+00
1.20560e+03	4.26159e-02	1.07000e+00
1.21442e+03	4.29698e-02	1.07000e+00
1.22325e+03	4.33238e-02	1.07000e+00
1.23207e+03	4.36777e-02	1.07000e+00
1.24090e+03	4.40316e-02	1.07000e+00
1.24993e+03	4.43855e-02	1.07000e+00
1.25914e+03	4.47394e-02	1.07000e+00
1.26781e+03	4.50933e-02	1.07000e+00
1.27631e+03	4.54472e-02	1.07000e+00
1.28481e+03	4.58012e-02	1.07000e+00
1.29331e+03	4.61551e-02	1.07000e+00
1.30181e+03	4.65090e-02	1.07000e+00
1.31031e+03	4.68629e-02	1.07000e+00
1.31973e+03	4.72168e-02	1.07000e+00
1.32940e+03	4.75707e-02	1.07000e+00
1.33746e+03	4.79247e-02	1.07000e+00
1.34543e+03	4.82786e-02	1.07000e+00
1.35341e+03	4.86325e-02	1.07000e+00
1.36139e+03	4.89864e-02	1.07000e+00
1.36936e+03	4.93403e-02	1.07000e+00
1.37734e+03	4.96942e-02	1.07000e+00
1.38566e+03	5.00481e-02	1.07000e+00
1.39441e+03	5.04021e-02	1.07000e+00
1.40315e+03	5.07560e-02	1.07000e+00
1.41181e+03	5.11099e-02	1.07000e+00
1.41953e+03	5.14259e-02	1.07000e+00
1.42911e+03	5.18177e-02	1.07000e+00
1.43777e+03	5.21716e-02	1.07000e+00
1.44642e+03	5.25256e-02	1.07000e+00
1.45551e+03	5.28795e-02	1.07000e+00
1.46516e+03	5.32334e-02	1.07000e+00
1.47367e+03	5.35873e-02	1.07000e+00
1.48132e+03	5.39412e-02	1.07000e+00
1.48896e+03	5.42951e-02	1.07000e+00
1.49661e+03	5.46490e-02	1.07000e+00
1.50426e+03	5.50030e-02	1.07000e+00
1.51190e+03	5.53569e-02	1.07000e+00
1.51965e+03	5.57108e-02	1.07000e+00
1.52794e+03	5.60647e-02	1.07000e+00
1.53692e+03	5.64186e-02	1.07000e+00
1.54567e+03	5.67725e-02	1.07000e+00
1.55429e+03	5.71265e-02	1.07000e+00
1.56290e+03	5.74804e-02	1.07000e+00
1.57152e+03	5.78343e-02	1.07000e+00
1.58013e+03	5.81882e-02	1.07000e+00
1.58875e+03	5.85421e-02	1.07000e+00
1.59688e+03	5.88710e-02	1.07000e+00
1.60656e+03	5.92499e-02	1.07000e+00
1.61574e+03	5.96039e-02	1.07000e+00
1.62417e+03	5.99234e-02	1.07000e+00
1.63344e+03	6.03117e-02	1.07000e+00
1.64130e+03	6.06656e-02	1.07000e+00
1.64917e+03	6.10195e-02	1.07000e+00
1.65704e+03	6.13734e-02	1.07000e+00
1.66490e+03	6.17274e-02	1.07000e+00
1.67277e+03	6.20813e-02	1.07000e+00
1.68065e+03	6.24352e-02	1.07000e+00
1.68922e+03	6.27891e-02	1.07000e+00
1.69814e+03	6.31430e-02	1.07000e+00
1.70602e+03	6.34797e-02	1.07000e+00
1.71449e+03	6.38508e-02	1.07000e+00
1.72256e+03	6.42048e-02	1.07000e+00
1.73063e+03	6.45587e-02	1.07000e+00
1.73869e+03	6.49126e-02	1.07000e+00
1.74676e+03	6.52665e-02	1.07000e+00
1.75485e+03	6.56204e-02	1.07000e+00
1.76338e+03	6.59743e-02	1.07000e+00
1.77203e+03	6.63282e-02	1.07000e+00
1.78052e+03	6.66822e-02	1.07000e+00
1.78788e+03	6.69896e-02	1.07000e+00
1.79746e+03	6.73900e-02	1.07000e+00
1.80592e+03	6.77439e-02	1.07000e+00
1.81439e+03	6.80978e-02	1.07000e+00
1.82285e+03	6.84517e-02	1.07000e+00
1.83154e+03	6.88057e-02	1.07000e+00
1.84112e+03	6.91596e-02	1.07000e+00
1.85003e+03	6.95135e-02	1.07000e+00
1.85786e+03	6.98674e-02	1.07000e+00
1.86568e+03	7.02213e-02	1.07000e+00
1.87350e+03	7.05752e-02	1.07000e+00
1.88133e+03	7.09291e-02	1.07000e+00
1.88915e+03	7.12831e-02	1.07000e+00
1.89698e+03	7.16370e-02	1.07000e+00
1.90503e+03	7.19909e-02	1.07000e+00
1.91383e+03	7.23448e-02	1.07000e+00
1.92253e+03	7.26987e-02	1.07000e+00
1.93047e+03	7.30526e-02	1.07000e+00
1.93794e+03	7.33859e-02	1.07000e+00
1.94635e+03	7.37605e-02	1.07000e+00
1.95429e+03	7.41144e-02	1.07000e+00
1.96223e+03	7.44683e-02	1.07000e+00
1.97017e+03	7.48222e-02	1.07000e+00
1.97823e+03	7.51761e-02	1.07000e+00
1.98746e+03	7.55300e-02	1.07000e+00
1.99607e+03	7.58840e-02	1.07000e+00
2.00434e+03	7.62379e-02	1.07000e+00
2.01262e+03	7.65918e-02	1.07000e+00
2.01980e+03	7.68989e-02	1.07000e+00
2.02917e+03	7.72996e-02	1.07000e+00
2.03744e+03	7.76535e-02	1.07000e+00
2.04572e+03	7.80075e-02	1.07000e+00
2.05555e+03	7.83614e-02	1.07000e+00
2.06558e+03	7.87153e-02	1.07000e+00
2.07361e+03	7.90692e-02	1.07000e+00
2.08158e+03	7.94231e-02	1.07000e+00
2.08955e+03	7.97770e-02	1.07000e+00
2.09752e+03	8.01309e-02	1.07000e+00
2.10549e+03	8.04849e-02	1.07000e+00
2.11346e+03	8.08388e-02	1.07000e+00
2.12200e+03	8.11927e-02	1.07000e+00
2.13291e+03	8.15466e-02	1.07000e+00
2.14258e+03	8.18769e-02	1.07000e+00
2.15150e+03	8.22544e-02	1.07000e+00
2.15979e+03	8.26084e-02	1.07000e+00
2.16808e+03	8.29623e-02	1.07000e+00
2.17637e+03	8.33162e-02	1.07000e+00
2.18351e+03	8.36278e-02	1.07000e+00
2.19196e+03	8.40240e-02	1.07000e+00
2.19948e+03	8.43779e-02	1.07000e+00
2.20700e+03	8.47318e-02	1.07000e+00
2.21452e+03	8.50858e-02	1.07000e+00
2.22204e+03	8.54397e-02	1.07000e+00
2.23004e+03	8.57936e-02	1.07000e+00
2.23786e+03	8.61475e-02	1.07000e+00
2.24668e+03	8.65014e-02	1.07000e+00
2.25459e+03	8.68553e-02	1.07000e+00
1.37148e+02	4.74439e-03	1.26000e+00
1.50790e+02	5.06606e-03	1.26000e+00
1.64433e+02	5.39383e-03	1.26000e+00
1.78075e+02	5.68964e-03	1.26000e+00
1.91718e+02	6.00670e-03	1.26000e+00
2.05360e+02	6.30546e-03	1.26000e+00
2.19002e+02	6.61256e-03	1.26000e+00
2.30094e+02	6.87048e-03	1.26000e+00
2.46287e+02	7.22190e-03	1.26000e+00
2.59930e+02	7.51441e-03	1.26000e+00
2.73572e+02	7.83531e-03	1.26000e+00
2.87214e+02	8.10701e-03	1.26000e+00
3.00857e+02	8.38373e-03	1.26000e+00
3.12679e+02	8.64005e-03	1.26000e+00
3.28142e+02	8.96965e-03	1.26000e+00
3.41784e+02	9.25528e-03	1.26000e+00
3.55426e+02	9.56373e-03	1.26000e+00
3.69069e+02	9.86159e-03	1.26000e+00
3.82711e+02	1.01420e-02	1.26000e+00
3.95652e+02	1.04096e-02	1.26000e+00
4.09996e+02	1.07416e-02	1.26000e+00
4.23638e+02	1.10207e-02	1.26000e+00
4.37281e+02	1.12997e-02	1.26000e+00
4.50923e+02	1.16030e-02	1.26000e+00
4.64565e+02	1.18927e-02	1.26000e+00
4.78208e+02	1.21626e-02	1.26000e+00
4.91850e+02	1.24348e-02	1.26000e+00
5.05493e+02	1.27404e-02	1.26000e+00
5.19135e+02	1.30221e-02	1.26000e+00
5.32777e+02	1.33011e-02	1.26000e+00
5.46420e+02	1.35840e-02	1.26000e+00
5.60062e+02	1.39042e-02	1.26000e+00
5.73705e+02	1.41946e-02	1.26000e+00
5.87347e+02	1.44850e-02	1.26000e+00
6.00989e+02	1.47851e-02	1.26000e+00
6.14632e+02	1.51125e-02	1.26000e+00
6.26853e+02	1.53644e-02	1.26000e+00
6.41917e+02	1.56750e-02	1.26000e+00
6.55559e+02	1.59658e-02	1.26000e+00
6.69201e+02	1.62866e-02	1.26000e+00
6.82844e+02	1.65882e-02	1.26000e+00
6.96486e+02	1.68899e-02	1.26000e+00
7.07527e+02	1.71340e-02	1.26000e+00
7.21734e+02	1.74879e-02	1.26000e+00
7.37141e+02	1.78419e-02	1.26000e+00
7.51056e+02	1.81503e-02	1.26000e+00
7.64698e+02	1.84526e-02	1.26000e+00
7.78340e+02	1.87881e-02	1.26000e+00
7.91983e+02	1.91134e-02	1.26000e+00
8.05625e+02	1.94190e-02	1.26000e+00
8.19268e+02	1.97246e-02	1.26000e+00
8.29700e+02	1.99653e-02	1.26000e+00
8.43679e+02	2.03193e-02	1.26000e+00
8.58896e+02	2.06732e-02	1.26000e+00
8.73837e+02	2.10131e-02	1.26000e+00
8.87480e+02	2.13234e-02	1.26000e+00
9.01122e+02	2.16448e-02	1.26000e+00
9.14764e+02	2.19684e-02	1.26000e+00
9.28407e+02	2.22921e-02	1.26000e+00
9.42049e+02	2.26321e-02	1.26000e+00
9.55692e+02	2.29836e-02	1.26000e+00
9.69334e+02	2.33148e-02	1.26000e+00
9.82976e+02	2.36455e-02	1.26000e+00
9.96619e+02	2.39820e-02	1.26000e+00
1.01026e+03	2.43411e-02	1.26000e+00
1.02390e+03	2.46973e-02	1.26000e+00
1.03755e+03	2.50384e-02	1.26000e+00
1.05119e+03	2.53795e-02	1.26000e+00
1.06112e+03	2.56280e-02	1.26000e+00
1.07413e+03	2.59819e-02	1.26000e+00
1.08731e+03	2.63358e-02	1.26000e+00
1.10120e+03	2.66897e-02	1.26000e+00
1.11509e+03	2.70436e-02	1.26000e+00
1.12898e+03	2.73976e-02	1.26000e+00
1.14135e+03	2.77515e-02	1.26000e+00
1.15420e+03	2.81054e-02	1.26000e+00
1.16778e+03	2.84593e-02	1.26000e+00
1.18136e+03	2.88132e-02	1.26000e+00
1.19494e+03	2.91671e-02	1.26000e+00
1.20731e+03	2.95211e-02	1.26000e+00
1.21979e+03	2.98750e-02	1.26000e+00
1.23319e+03	3.02289e-02	1.26000e+00
1.24660e+03	3.05828e-02	1.26000e+00
1.26000e+03	3.09367e-02	1.26000e+00
1.26947e+03	3.12039e-02	1.26000e+00
1.28311e+03	3.16098e-02	1.26000e+00
1.29646e+03	3.19985e-02	1.26000e+00
1.30863e+03	3.23524e-02	1.26000e+00
1.32080e+03	3.27063e-02	1.26000e+00
1.33297e+03	3.30602e-02	1.26000e+00
1.34467e+03	3.34141e-02	1.26000e+00
1.35659e+03	3.37680e-02	1.26000e+00
1.36926e+03	3.41220e-02	1.26000e+00
1.37861e+03	3.43829e-02	1.26000e+00
1.39225e+03	3.47638e-02	1.26000e+00
1.40589e+03	3.51511e-02	1.26000e+00
1.41758e+03	3.55376e-02	1.26000e+00
1.42861e+03	3.58915e-02	1.26000e+00
1.44015e+03	3.62454e-02	1.26000e+00
1.45170e+03	3.65994e-02	1.26000e+00
1.46325e+03	3.69533e-02	1.26000e+00
1.47410e+03	3.72859e-02	1.26000e+00
1.48600e+03	3.76611e-02	1.26000e+00
1.49753e+03	3.80150e-02	1.26000e+00
1.50990e+03	3.83689e-02	1.26000e+00
1.52237e+03	3.87229e-02	1.26000e+00
1.53484e+03	3.90768e-02	1.26000e+00
1.54725e+03	3.94307e-02	1.26000e+00
1.55596e+03	3.97264e-02	1.26000e+00
1.56800e+03	4.01385e-02	1.26000e+00
1.57945e+03	4.04924e-02	1.26000e+00
1.59099e+03	4.08463e-02	1.26000e+00
1.60253e+03	4.12003e-02	1.26000e+00
1.61407e+03	4.15542e-02	1.26000e+00
1.62417e+03	4.18690e-02	1.26000e+00
1.63644e+03	4.22620e-02	1.26000e+00
1.64783e+03	4.26159e-02	1.26000e+00
1.65934e+03	4.29698e-02	1.26000e+00
1.67085e+03	4.33238e-02	1.26000e+00
1.68236e+03	4.36777e-02	1.26000e+00
1.69238e+03	4.39859e-02	1.26000e+00
1.70414e+03	4.43855e-02	1.26000e+00
1.71466e+03	4.47394e-02	1.26000e+00
1.72589e+03	4.50933e-02	1.26000e+00
1.73727e+03	4.54472e-02	1.26000e+00
1.74695e+03	4.57484e-02	1.26000e+00
1.76002e+03	4.61551e-02	1.26000e+00
1.77111e+03	4.65090e-02	1.26000e+00
1.78130e+03	4.68629e-02	1.26000e+00
1.79184e+03	4.72168e-02	1.26000e+00
1.80152e+03	4.75273e-02	1.26000e+00
1.81391e+03	4.79247e-02	1.26000e+00
1.82495e+03	4.82786e-02	1.26000e+00
1.83598e+03	4.86325e-02	1.26000e+00
1.84680e+03	4.89864e-02	1.26000e+00
1.85609e+03	4.93066e-02	1.26000e+00
1.86742e+03	4.96942e-02	1.26000e+00
1.87784e+03	5.00481e-02	1.26000e+00
1.88827e+03	5.04021e-02	1.26000e+00
1.89702e+03	5.06989e-02	1.26000e+00
1.90913e+03	5.11099e-02	1.26000e+00
1.91950e+03	5.14638e-02	1.26000e+00
1.92948e+03	5.18177e-02	1.26000e+00
1.93794e+03	5.21161e-02	1.26000e+00
1.95129e+03	5.25256e-02	1.26000e+00
1.96289e+03	5.28795e-02	1.26000e+00
1.97450e+03	5.32334e-02	1.26000e+00
1.98610e+03	5.35873e-02	1.26000e+00
1.99723e+03	5.39412e-02	1.26000e+00
2.00616e+03	5.42752e-02	1.26000e+00
2.01654e+03	5.46490e-02	1.26000e+00
2.02708e+03	5.50030e-02	1.26000e+00
2.03774e+03	5.53569e-02	1.26000e+00
2.04708e+03	5.56671e-02	1.26000e+00
2.05906e+03	5.60647e-02	1.26000e+00
2.06971e+03	5.64186e-02	1.26000e+00
2.08031e+03	5.67725e-02	1.26000e+00
2.09099e+03	5.71265e-02	1.26000e+00
2.10165e+03	5.74667e-02	1.26000e+00
2.11322e+03	5.78343e-02	1.26000e+00
2.12436e+03	5.81882e-02	1.26000e+00
2.13563e+03	5.85421e-02	1.26000e+00
2.14728e+03	5.88960e-02	1.26000e+00
2.15622e+03	5.91675e-02	1.26000e+00
2.16986e+03	5.95818e-02	1.26000e+00
2.18225e+03	5.99578e-02	1.26000e+00
2.19335e+03	6.03117e-02	1.26000e+00
2.20311e+03	6.06656e-02	1.26000e+00
2.21361e+03	6.10195e-02	1.26000e+00
2.22443e+03	6.13397e-02	1.26000e+00
2.23754e+03	6.17274e-02	1.26000e+00
2.24950e+03	6.20813e-02	1.26000e+00
2.26147e+03	6.24352e-02	1.26000e+00
2.27252e+03	6.27891e-02	1.26000e+00
2.28280e+03	6.31430e-02	1.26000e+00
2.29265e+03	6.34588e-02	1.26000e+00
2.30448e+03	6.38508e-02	1.26000e+00
2.31458e+03	6.42048e-02	1.26000e+00
2.32461e+03	6.45587e-02	1.26000e+00
2.33357e+03	6.48746e-02	1.26000e+00
2.34469e+03	6.52665e-02	1.26000e+00
2.35473e+03	6.56204e-02	1.26000e+00
2.36477e+03	6.59743e-02	1.26000e+00
2.37450e+03	6.63176e-02	1.26000e+00
2.38484e+03	6.66822e-02	1.26000e+00
2.39488e+03	6.70361e-02	1.26000e+00
2.40604e+03	6.73900e-02	1.26000e+00
2.41543e+03	6.76794e-02	1.26000e+00
2.42907e+03	6.79561e-02	1.26000e+00
2.44271e+03	6.83002e-02	1.26000e+00
2.45246e+03	6.88057e-02	1.26000e+00
2.46028e+03	6.91596e-02	1.26000e+00
2.47000e+03	6.94941e-02	1.26000e+00
2.48085e+03	6.98674e-02	1.26000e+00
2.49138e+03	7.02213e-02	1.26000e+00
2.50138e+03	7.05752e-02	1.26000e+00
2.50928e+03	7.09291e-02	1.26000e+00
2.51963e+03	7.12831e-02	1.26000e+00
2.53019e+03	7.16370e-02	1.26000e+00
2.54071e+03	7.19909e-02	1.26000e+00
1.37148e+02	3.41155e-03	1.49000e+00
1.50790e+02	3.64163e-03	1.49000e+00
1.64433e+02	3.86651e-03	1.49000e+00
1.78075e+02	4.07534e-03	1.49000e+00
1.91718e+02	4.29585e-03	1.49000e+00
2.05360e+02	4.50635e-03	1.49000e+00
2.19002e+02	4.72095e-03	1.49000e+00
2.32645e+02	4.94741e-03	1.49000e+00
2.46287e+02	5.14482e-03	1.49000e+00
2.59930e+02	5.35662e-03	1.49000e+00
2.73572e+02	5.57793e-03	1.49000e+00
2.87214e+02	5.76052e-03	1.49000e+00
3.00857e+02	5.96407e-03	1.49000e+00
3.14499e+02	6.15996e-03	1.49000e+00
3.28142e+02	6.36094e-03	1.49000e+00
3.41784e+02	6.56930e-03	1.49000e+00
3.55426e+02	6.77580e-03	1.49000e+00
3.69069e+02	6.97714e-03	1.49000e+00
3.82711e+02	7.17692e-03	1.49000e+00
3.96353e+02	7.38682e-03	1.49000e+00
4.09635e+02	7.57831e-03	1.49000e+00
4.23638e+02	7.78121e-03	1.49000e+00
4.37281e+02	7.98846e-03	1.49000e+00
4.50923e+02	8.18979e-03	1.49000e+00
4.64565e+02	8.38278e-03	1.49000e+00
4.78208e+02	8.57503e-03	1.49000e+00
4.91850e+02	8.77638e-03	1.49000e+00
5.05493e+02	8.97125e-03	1.49000e+00
5.19135e+02	9.16233e-03	1.49000e+00
5.31546e+02	9.34788e-03	1.49000e+00
5.46420e+02	9.57105e-03	1.49000e+00
5.60062e+02	9.77919e-03	1.49000e+00
5.73705e+02	9.97386e-03	1.49000e+00
5.87347e+02	1.01869e-02	1.49000e+00
6.00989e+02	1.03969e-02	1.49000e+00
6.14632e+02	1.06047e-02	1.49000e+00
6.28274e+02	1.08002e-02	1.49000e+00
6.41917e+02	1.10042e-02	1.49000e+00
6.55559e+02	1.12121e-02	1.49000e+00
6.69201e+02	1.14145e-02	1.49000e+00
6.82844e+02	1.16203e-02	1.49000e+00
6.95521e+02	1.18253e-02	1.49000e+00
7.10129e+02	1.20615e-02	1.49000e+00
7.23771e+02	1.22834e-02	1.49000e+00
7.37413e+02	1.24875e-02	1.49000e+00
7.51056e+02	1.27074e-02	1.49000e+00
7.64698e+02	1.29302e-02	1.49000e+00
7.78340e+02	1.31503e-02	1.49000e+00
7.91983e+02	1.33605e-02	1.49000e+00
8.05625e+02	1.35786e-02	1.49000e+00
8.19268e+02	1.38021e-02	1.49000e+00
8.32910e+02	1.40263e-02	1.49000e+00
8.46552e+02	1.42444e-02	1.49000e+00
8.60195e+02	1.44584e-02	1.49000e+00
8.72086e+02	1.46566e-02	1.49000e+00
8.87480e+02	1.49132e-02	1.49000e+00
9.01122e+02	1.51406e-02	1.49000e+00
9.14764e+02	1.53554e-02	1.49000e+00
9.28407e+02	1.55926e-02	1.49000e+00
9.42049e+02	1.58303e-02	1.49000e+00
9.55692e+02	1.60681e-02	1.49000e+00
9.69334e+02	1.63056e-02	1.49000e+00
9.82976e+02	1.65292e-02	1.49000e+00
9.96619e+02	1.67729e-02	1.49000e+00
1.01026e+03	1.70165e-02	1.49000e+00
1.02390e+03	1.72601e-02	1.49000e+00
1.03723e+03	1.74879e-02	1.49000e+00
1.05119e+03	1.77330e-02	1.49000e+00
1.06483e+03	1.79823e-02	1.49000e+00
1.07651e+03	1.81958e-02	1.49000e+00
1.09212e+03	1.84809e-02	1.49000e+00
1.10576e+03	1.87197e-02	1.49000e+00
1.11940e+03	1.89700e-02	1.49000e+00
1.13304e+03	1.92277e-02	1.49000e+00
1.14669e+03	1.94853e-02	1.49000e+00
1.16033e+03	1.97430e-02	1.49000e+00
1.17301e+03	1.99653e-02	1.49000e+00
1.18761e+03	2.02464e-02	1.49000e+00
1.20125e+03	2.05109e-02	1.49000e+00
1.21490e+03	2.07755e-02	1.49000e+00
1.22787e+03	2.10271e-02	1.49000e+00
1.24218e+03	2.12875e-02	1.49000e+00
1.25582e+03	2.15512e-02	1.49000e+00
1.26947e+03	2.18191e-02	1.49000e+00
1.28311e+03	2.20871e-02	1.49000e+00
1.29675e+03	2.23550e-02	1.49000e+00
1.31039e+03	2.26199e-02	1.49000e+00
1.32404e+03	2.29096e-02	1.49000e+00
1.33513e+03	2.31506e-02	1.49000e+00
1.35132e+03	2.35025e-02	1.49000e+00
1.36496e+03	2.37989e-02	1.49000e+00
1.37861e+03	2.40771e-02	1.49000e+00
1.39225e+03	2.43573e-02	1.49000e+00
1.40589e+03	2.46469e-02	1.49000e+00
1.41876e+03	2.49202e-02	1.49000e+00
1.43318e+03	2.52261e-02	1.49000e+00
1.44682e+03	2.55129e-02	1.49000e+00
1.46046e+03	2.57905e-02	1.49000e+00
1.47410e+03	2.60901e-02	1.49000e+00
1.48467e+03	2.63358e-02	1.49000e+00
1.49990e+03	2.66897e-02	1.49000e+00
1.51503e+03	2.70413e-02	1.49000e+00
1.52867e+03	2.73491e-02	1.49000e+00
1.54231e+03	2.76419e-02	1.49000e+00
1.55596e+03	2.79408e-02	1.49000e+00
1.56960e+03	2.82399e-02	1.49000e+00
1.58324e+03	2.85390e-02	1.49000e+00
1.59575e+03	2.88132e-02	1.49000e+00
1.61053e+03	2.91362e-02	1.49000e+00
1.62417e+03	2.94573e-02	1.49000e+00
1.63781e+03	2.97803e-02	1.49000e+00
1.65145e+03	3.01033e-02	1.49000e+00
1.66510e+03	3.04263e-02	1.49000e+00
1.67874e+03	3.07414e-02	1.49000e+00
1.69238e+03	3.10591e-02	1.49000e+00
1.70602e+03	3.13860e-02	1.49000e+00
1.71681e+03	3.16445e-02	1.49000e+00
1.73158e+03	3.19985e-02	1.49000e+00
1.74634e+03	3.23524e-02	1.49000e+00
1.76059e+03	3.26879e-02	1.49000e+00
1.77424e+03	3.30256e-02	1.49000e+00
1.78788e+03	3.33641e-02	1.49000e+00
1.80152e+03	3.37025e-02	1.49000e+00
1.81516e+03	3.40410e-02	1.49000e+00
1.82880e+03	3.43766e-02	1.49000e+00
1.84245e+03	3.47233e-02	1.49000e+00
1.85609e+03	3.50751e-02	1.49000e+00
1.86973e+03	3.54268e-02	1.49000e+00
1.88337e+03	3.57786e-02	1.49000e+00
1.89702e+03	3.61304e-02	1.49000e+00
1.91066e+03	3.64654e-02	1.49000e+00
1.92430e+03	3.68299e-02	1.49000e+00
1.93794e+03	3.72030e-02	1.49000e+00
1.95159e+03	3.75761e-02	1.49000e+00
1.96523e+03	3.79492e-02	1.49000e+00
1.97887e+03	3.83148e-02	1.49000e+00
1.99251e+03	3.86579e-02	1.49000e+00
2.00616e+03	3.90037e-02	1.49000e+00
2.01980e+03	3.93496e-02	1.49000e+00
2.03344e+03	3.96955e-02	1.49000e+00
2.04708e+03	4.00414e-02	1.49000e+00
2.06073e+03	4.03871e-02	1.49000e+00
2.07437e+03	4.07569e-02	1.49000e+00
2.08801e+03	4.11323e-02	1.49000e+00
2.10165e+03	4.15077e-02	1.49000e+00
2.11530e+03	4.18831e-02	1.49000e+00
2.12894e+03	4.22571e-02	1.49000e+00
2.14258e+03	4.26030e-02	1.49000e+00
2.15622e+03	4.29693e-02	1.49000e+00
2.16941e+03	4.33238e-02	1.49000e+00
2.18258e+03	4.36777e-02	1.49000e+00
2.19646e+03	4.40316e-02	1.49000e+00
2.20994e+03	4.43855e-02	1.49000e+00
2.22322e+03	4.47394e-02	1.49000e+00
2.23650e+03	4.50933e-02	1.49000e+00
2.24978e+03	4.54472e-02	1.49000e+00
2.26307e+03	4.58012e-02	1.49000e+00
2.27647e+03	4.61551e-02	1.49000e+00
2.29000e+03	4.65090e-02	1.49000e+00
2.30353e+03	4.68629e-02	1.49000e+00
2.31707e+03	4.72168e-02	1.49000e+00
2.33060e+03	4.75707e-02	1.49000e+00
2.34414e+03	4.79247e-02	1.49000e+00
2.35765e+03	4.82786e-02	1.49000e+00
2.37019e+03	4.86325e-02	1.49000e+00
2.38270e+03	4.89864e-02	1.49000e+00
2.39521e+03	4.93403e-02	1.49000e+00
2.40773e+03	4.96942e-02	1.49000e+00
2.42027e+03	5.00481e-02	1.49000e+00
2.43381e+03	5.04021e-02	1.49000e+00
2.44683e+03	5.07560e-02	1.49000e+00
2.45635e+03	5.10187e-02	1.49000e+00
2.47000e+03	5.13950e-02	1.49000e+00
2.48364e+03	5.17714e-02	1.49000e+00
2.49728e+03	5.21477e-02	1.49000e+00
2.50997e+03	5.25256e-02	1.49000e+00
2.52233e+03	5.28795e-02	1.49000e+00
2.53610e+03	5.32334e-02	1.49000e+00
2.54988e+03	5.35873e-02	1.49000e+00
2.56365e+03	5.39412e-02	1.49000e+00
2.57743e+03	5.42951e-02	1.49000e+00
2.59026e+03	5.46490e-02	1.49000e+00
2.60249e+03	5.50030e-02	1.49000e+00
2.61487e+03	5.53569e-02	1.49000e+00
2.62725e+03	5.57108e-02	1.49000e+00
2.63963e+03	5.60647e-02	1.49000e+00
2.65202e+03	5.64186e-02	1.49000e+00
2.66433e+03	5.67725e-02	1.49000e+00
2.67463e+03	5.70801e-02	1.49000e+00
2.68229e+03	5.74804e-02	1.49000e+00
2.68828e+03	5.78312e-02	1.49000e+00
2.69639e+03	5.81882e-02	1.49000e+00
2.70803e+03	5.85421e-02	1.49000e+00
2.71964e+03	5.88960e-02	1.49000e+00
2.72920e+03	5.91886e-02	1.49000e+00
1.37148e+02	2.36744e-03	1.81000e+00
1.50790e+02	2.51856e-03	1.81000e+00
1.64433e+02	2.65523e-03	1.81000e+00
1.78075e+02	2.80189e-03	1.81000e+00
1.91718e+02	2.95047e-03	1.81000e+00
2.05360e+02	3.08784e-03	1.81000e+00
2.19002e+02	3.23275e-03	1.81000e+00
2.32645e+02	3.37773e-03	1.81000e+00
2.46287e+02	3.51051e-03	1.81000e+00
2.59930e+02	3.64974e-03	1.81000e+00
2.73572e+02	3.79661e-03	1.81000e+00
2.87214e+02	3.92069e-03	1.81000e+00
3.00222e+02	4.03915e-03	1.81000e+00
3.14499e+02	4.19156e-03	1.81000e+00
3.28142e+02	4.32152e-03	1.81000e+00
3.41784e+02	4.45300e-03	1.81000e+00
3.55426e+02	4.59679e-03	1.81000e+00
3.69069e+02	4.73223e-03	1.81000e+00
3.82711e+02	4.86206e-03	1.81000e+00
3.96353e+02	4.99951e-03	1.81000e+00
4.09996e+02	5.14027e-03	1.81000e+00
4.23638e+02	5.26521e-03	1.81000e+00
4.37281e+02	5.39375e-03	1.81000e+00
4.50923e+02	5.53669e-03	1.81000e+00
4.64565e+02	5.66765e-03	1.81000e+00
4.78208e+02	5.78841e-03	1.81000e+00
4.91850e+02	5.91725e-03	1.81000e+00
5.05493e+02	6.05827e-03	1.81000e+00
5.19135e+02	6.18502e-03	1.81000e+00
5.32777e+02	6.31269e-03	1.81000e+00
5.46420e+02	6.44916e-03	1.81000e+00
5.60062e+02	6.59349e-03	1.81000e+00
5.73705e+02	6.72226e-03	1.81000e+00
5.87347e+02	6.85103e-03	1.81000e+00
6.00989e+02	6.99360e-03	1.81000e+00
6.14632e+02	7.14279e-03	1.81000e+00
6.28274e+02	7.26833e-03	1.81000e+00
6.41917e+02	7.39571e-03	1.81000e+00
6.55559e+02	7.53355e-03	1.81000e+00
6.69201e+02	7.68037e-03	1.81000e+00
6.82844e+02	7.81454e-03	1.81000e+00
6.96486e+02	7.94927e-03	1.81000e+00
7.10129e+02	8.09404e-03	1.81000e+00
7.23771e+02	8.25186e-03	1.81000e+00
7.37413e+02	8.39029e-03	1.81000e+00
7.51056e+02	8.52536e-03	1.81000e+00
7.64698e+02	8.66327e-03	1.81000e+00
7.78340e+02	8.82348e-03	1.81000e+00
7.91983e+02	8.97107e-03	1.81000e+00
8.05625e+02	9.10754e-03	1.81000e+00
8.19268e+02	9.24476e-03	1.81000e+00
8.32910e+02	9.39913e-03	1.81000e+00
8.46552e+02	9.55778e-03	1.81000e+00
8.60195e+02	9.69658e-03	1.81000e+00
8.73837e+02	9.83537e-03	1.81000e+00
8.87480e+02	9.98356e-03	1.81000e+00
9.01122e+02	1.01454e-02	1.81000e+00
9.14764e+02	1.02983e-02	1.81000e+00
9.28407e+02	1.04439e-02	1.81000e+00
9.42049e+02	1.05913e-02	1.81000e+00
9.55692e+02	1.07532e-02	1.81000e+00
9.69334e+02	1.09256e-02	1.81000e+00
9.82976e+02	1.10762e-02	1.81000e+00
9.96619e+02	1.12261e-02	1.81000e+00
1.01026e+03	1.13805e-02	1.81000e+00
1.02390e+03	1.15531e-02	1.81000e+00
1.03755e+03	1.17232e-02	1.81000e+00
1.05119e+03	1.18752e-02	1.81000e+00
1.06483e+03	1.20272e-02	1.81000e+00
1.07798e+03	1.21792e-02	1.81000e+00
1.09212e+03	1.23655e-02	1.81000e+00
1.10549e+03	1.25331e-02	1.81000e+00
1.11940e+03	1.26963e-02	1.81000e+00
1.13304e+03	1.28562e-02	1.81000e+00
1.14669e+03	1.30255e-02	1.81000e+00
1.16033e+03	1.32138e-02	1.81000e+00
1.17397e+03	1.33897e-02	1.81000e+00
1.18761e+03	1.35545e-02	1.81000e+00
1.20125e+03	1.37192e-02	1.81000e+00
1.21490e+03	1.38953e-02	1.81000e+00
1.22854e+03	1.40880e-02	1.81000e+00
1.24218e+03	1.42683e-02	1.81000e+00
1.25582e+03	1.44352e-02	1.81000e+00
1.26947e+03	1.46022e-02	1.81000e+00
1.28311e+03	1.47783e-02	1.81000e+00
1.29675e+03	1.49748e-02	1.81000e+00
1.31039e+03	1.51660e-02	1.81000e+00
1.32404e+03	1.53510e-02	1.81000e+00
1.33768e+03	1.55360e-02	1.81000e+00
1.35079e+03	1.57184e-02	1.81000e+00
1.36496e+03	1.59443e-02	1.81000e+00
1.37861e+03	1.61538e-02	1.81000e+00
1.39225e+03	1.63381e-02	1.81000e+00
1.40589e+03	1.65224e-02	1.81000e+00
1.41953e+03	1.67082e-02	1.81000e+00
1.43318e+03	1.69201e-02	1.81000e+00
1.44670e+03	1.71340e-02	1.81000e+00
1.46046e+03	1.73373e-02	1.81000e+00
1.47410e+03	1.75389e-02	1.81000e+00
1.48774e+03	1.77404e-02	1.81000e+00
1.50139e+03	1.79635e-02	1.81000e+00
1.51482e+03	1.81958e-02	1.81000e+00
1.52867e+03	1.84067e-02	1.81000e+00
1.54231e+03	1.86009e-02	1.81000e+00
1.55596e+03	1.87951e-02	1.81000e+00
1.56960e+03	1.89980e-02	1.81000e+00
1.58324e+03	1.92241e-02	1.81000e+00
1.59688e+03	1.94454e-02	1.81000e+00
1.61053e+03	1.96559e-02	1.81000e+00
1.62417e+03	1.98664e-02	1.81000e+00
1.63781e+03	2.00795e-02	1.81000e+00
1.65145e+03	2.03157e-02	1.81000e+00
1.66510e+03	2.05602e-02	1.81000e+00
1.67874e+03	2.07809e-02	1.81000e+00
1.69238e+03	2.09970e-02	1.81000e+00
1.70602e+03	2.12131e-02	1.81000e+00
1.71967e+03	2.14399e-02	1.81000e+00
1.73331e+03	2.16899e-02	1.81000e+00
1.74695e+03	2.19333e-02	1.81000e+00
1.76059e+03	2.21610e-02	1.81000e+00
1.77424e+03	2.23887e-02	1.81000e+00
1.78788e+03	2.26167e-02	1.81000e+00
1.80152e+03	2.28695e-02	1.81000e+00
1.81516e+03	2.31316e-02	1.81000e+00
1.82880e+03	2.33788e-02	1.81000e+00
1.84245e+03	2.36196e-02	1.81000e+00
1.85598e+03	2.38584e-02	1.81000e+00
1.86973e+03	2.41071e-02	1.81000e+00
1.88337e+03	2.43797e-02	1.81000e+00
1.89702e+03	2.46554e-02	1.81000e+00
1.91066e+03	2.49120e-02	1.81000e+00
1.92430e+03	2.51685e-02	1.81000e+00
1.93794e+03	2.54251e-02	1.81000e+00
1.95159e+03	2.56962e-02	1.81000e+00
1.96489e+03	2.59819e-02	1.81000e+00
1.97887e+03	2.62673e-02	1.81000e+00
1.99251e+03	2.65151e-02	1.81000e+00
2.00616e+03	2.67629e-02	1.81000e+00
2.01980e+03	2.70107e-02	1.81000e+00
2.03344e+03	2.72727e-02	1.81000e+00
2.04708e+03	2.75420e-02	1.81000e+00
2.06073e+03	2.78113e-02	1.81000e+00
2.07437e+03	2.80813e-02	1.81000e+00
2.08801e+03	2.83605e-02	1.81000e+00
2.10165e+03	2.86398e-02	1.81000e+00
2.11530e+03	2.89135e-02	1.81000e+00
2.12800e+03	2.91671e-02	1.81000e+00
2.14258e+03	2.94657e-02	1.81000e+00
2.15622e+03	2.97666e-02	1.81000e+00
2.16986e+03	3.00670e-02	1.81000e+00
2.18351e+03	3.03454e-02	1.81000e+00
2.19521e+03	3.05828e-02	1.81000e+00
2.21079e+03	3.08990e-02	1.81000e+00
2.22443e+03	3.11864e-02	1.81000e+00
2.23808e+03	3.14884e-02	1.81000e+00
2.25172e+03	3.17730e-02	1.81000e+00
2.26276e+03	3.19985e-02	1.81000e+00
2.27900e+03	3.23302e-02	1.81000e+00
2.29265e+03	3.26144e-02	1.81000e+00
2.30629e+03	3.29165e-02	1.81000e+00
2.31993e+03	3.32225e-02	1.81000e+00
2.33357e+03	3.35251e-02	1.81000e+00
2.34455e+03	3.37680e-02	1.81000e+00
2.36054e+03	3.41220e-02	1.81000e+00
2.37450e+03	3.44319e-02	1.81000e+00
2.38814e+03	3.47372e-02	1.81000e+00
2.40179e+03	3.50420e-02	1.81000e+00
2.41543e+03	3.53420e-02	1.81000e+00
2.42907e+03	3.56415e-02	1.81000e+00
2.44046e+03	3.58915e-02	1.81000e+00
2.45620e+03	3.62454e-02	1.81000e+00
2.47000e+03	3.65799e-02	1.81000e+00
2.48364e+03	3.69050e-02	1.81000e+00
2.49728e+03	3.72020e-02	1.81000e+00
2.51092e+03	3.74980e-02	1.81000e+00
2.52457e+03	3.77940e-02	1.81000e+00
2.53821e+03	3.81004e-02	1.81000e+00
2.54946e+03	3.83689e-02	1.81000e+00
2.56435e+03	3.87229e-02	1.81000e+00
2.57914e+03	3.90675e-02	1.81000e+00
2.59278e+03	3.93850e-02	1.81000e+00
2.60642e+03	3.97025e-02	1.81000e+00
2.62006e+03	4.00198e-02	1.81000e+00
2.63371e+03	4.03368e-02	1.81000e+00
2.64735e+03	4.06501e-02	1.81000e+00
2.66099e+03	4.09514e-02	1.81000e+00
2.67225e+03	4.12003e-02	1.81000e+00
2.68828e+03	4.15542e-02	1.81000e+00
2.70192e+03	4.18764e-02	1.81000e+00
2.71556e+03	4.22172e-02	1.81000e+00
2.72920e+03	4.25820e-02	1.81000e+00
2.74209e+03	4.29698e-02	1.81000e+00
2.75385e+03	4.33238e-02	1.81000e+00
2.76560e+03	4.36777e-02	1.81000e+00
2.77802e+03	4.40316e-02	1.81000e+00
2.79211e+03	4.43855e-02	1.81000e+00
2.80566e+03	4.47394e-02	1.81000e+00
2.81911e+03	4.50933e-02	1.81000e+00
2.83252e+03	4.54472e-02	1.81000e+00
2.84581e+03	4.58012e-02	1.81000e+00
2.85907e+03	4.61551e-02	1.81000e+00
2.86967e+03	4.65090e-02	1.81000e+00
2.87927e+03	4.67681e-02	1.81000e+00
2.89291e+03	4.71379e-02	1.81000e+00
2.90655e+03	4.75104e-02	1.81000e+00
1.37148e+02	1.57159e-03	2.25000e+00
1.50790e+02	1.68488e-03	2.25000e+00
1.64433e+02	1.78031e-03	2.25000e+00
1.78075e+02	1.86300e-03	2.25000e+00
1.91718e+02	1.96105e-03	2.25000e+00
2.05360e+02	2.05453e-03	2.25000e+00
2.19002e+02	2.14212e-03	2.25000e+00
2.32645e+02	2.22773e-03	2.25000e+00
2.46287e+02	2.31613e-03	2.25000e+00
2.59930e+02	2.41267e-03	2.25000e+00
2.73572e+02	2.50321e-03	2.25000e+00
2.87214e+02	2.57652e-03	2.25000e+00
3.00857e+02	2.66470e-03	2.25000e+00
3.14499e+02	2.75986e-03	2.25000e+00
3.28142e+02	2.83892e-03	2.25000e+00
3.41784e+02	2.91780e-03	2.25000e+00
3.55426e+02	3.01069e-03	2.25000e+00
3.69069e+02	3.10062e-03	2.25000e+00
3.82711e+02	3.18066e-03	2.25000e+00
3.96353e+02	3.26248e-03	2.25000e+00
4.09996e+02	3.35128e-03	2.25000e+00
4.23638e+02	3.43630e-03	2.25000e+00
4.37281e+02	3.52174e-03	2.25000e+00
4.50923e+02	3.60390e-03	2.25000e+00
4.64565e+02	3.68051e-03	2.25000e+00
4.78208e+02	3.77104e-03	2.25000e+00
4.91850e+02	3.85493e-03	2.25000e+00
5.05493e+02	3.93346e-03	2.25000e+00
5.19135e+02	4.01263e-03	2.25000e+00
5.32777e+02	4.10400e-03	2.25000e+00
5.46420e+02	4.19241e-03	2.25000e+00
5.60062e+02	4.27347e-03	2.25000e+00
5.73705e+02	4.35545e-03	2.25000e+00
5.87347e+02	4.44766e-03	2.25000e+00
6.00989e+02	4.53848e-03	2.25000e+00
6.14632e+02	4.62133e-03	2.25000e+00
6.28274e+02	4.70187e-03	2.25000e+00
6.41917e+02	4.79122e-03	2.25000e+00
6.55559e+02	4.88057e-03	2.25000e+00
6.69201e+02	4.96290e-03	2.25000e+00
6.82844e+02	5.04831e-03	2.25000e+00
6.96486e+02	5.14278e-03	2.25000e+00
7.10129e+02	5.23759e-03	2.25000e+00
7.23771e+02	5.32752e-03	2.25000e+00
7.37413e+02	5.41212e-03	2.25000e+00
7.51056e+02	5.50745e-03	2.25000e+00
7.64698e+02	5.60104e-03	2.25000e+00
7.78340e+02	5.69291e-03	2.25000e+00
7.91983e+02	5.77944e-03	2.25000e+00
8.05625e+02	5.87417e-03	2.25000e+00
8.19268e+02	5.96690e-03	2.25000e+00
8.32910e+02	6.06193e-03	2.25000e+00
8.46552e+02	6.15589e-03	2.25000e+00
8.60195e+02	6.24503e-03	2.25000e+00
8.73837e+02	6.33893e-03	2.25000e+00
8.87480e+02	6.43622e-03	2.25000e+00
9.01122e+02	6.53489e-03	2.25000e+00
9.14764e+02	6.62943e-03	2.25000e+00
9.28407e+02	6.72175e-03	2.25000e+00
9.42049e+02	6.82374e-03	2.25000e+00
9.55692e+02	6.92851e-03	2.25000e+00
9.69334e+02	7.02823e-03	2.25000e+00
9.82976e+02	7.12280e-03	2.25000e+00
9.96619e+02	7.22379e-03	2.25000e+00
1.01026e+03	7.33015e-03	2.25000e+00
1.02390e+03	7.43455e-03	2.25000e+00
1.03755e+03	7.53574e-03	2.25000e+00
1.05119e+03	7.63250e-03	2.25000e+00
1.06483e+03	7.73756e-03	2.25000e+00
1.07847e+03	7.84418e-03	2.25000e+00
1.09212e+03	7.95173e-03	2.25000e+00
1.10576e+03	8.05438e-03	2.25000e+00
1.11940e+03	8.15763e-03	2.25000e+00
1.13304e+03	8.26882e-03	2.25000e+00
1.14669e+03	8.38166e-03	2.25000e+00
1.16033e+03	8.49449e-03	2.25000e+00
1.17397e+03	8.59977e-03	2.25000e+00
1.18761e+03	8.70783e-03	2.25000e+00
1.20125e+03	8.82396e-03	2.25000e+00
1.21490e+03	8.94025e-03	2.25000e+00
1.22854e+03	9.05685e-03	2.25000e+00
1.24218e+03	9.16614e-03	2.25000e+00
1.25582e+03	9.27558e-03	2.25000e+00
1.26947e+03	9.39287e-03	2.25000e+00
1.28311e+03	9.51109e-03	2.25000e+00
1.29675e+03	9.62952e-03	2.25000e+00
1.31039e+03	9.74545e-03	2.25000e+00
1.32404e+03	9.86337e-03	2.25000e+00
1.33768e+03	9.99400e-03	2.25000e+00
1.35132e+03	1.01250e-02	2.25000e+00
1.36496e+03	1.02561e-02	2.25000e+00
1.37861e+03	1.03840e-02	2.25000e+00
1.39225e+03	1.04994e-02	2.25000e+00
1.40589e+03	1.06304e-02	2.25000e+00
1.41953e+03	1.07621e-02	2.25000e+00
1.43318e+03	1.08939e-02	2.25000e+00
1.44682e+03	1.10256e-02	2.25000e+00
1.46046e+03	1.11490e-02	2.25000e+00
1.47410e+03	1.12896e-02	2.25000e+00
1.48774e+03	1.14336e-02	2.25000e+00
1.50139e+03	1.15777e-02	2.25000e+00
1.51503e+03	1.17218e-02	2.25000e+00
1.52867e+03	1.18525e-02	2.25000e+00
1.54231e+03	1.19823e-02	2.25000e+00
1.55596e+03	1.21227e-02	2.25000e+00
1.56960e+03	1.22631e-02	2.25000e+00
1.58324e+03	1.24036e-02	2.25000e+00
1.59597e+03	1.25331e-02	2.25000e+00
1.61053e+03	1.26767e-02	2.25000e+00
1.62417e+03	1.28256e-02	2.25000e+00
1.63781e+03	1.29777e-02	2.25000e+00
1.65145e+03	1.31299e-02	2.25000e+00
1.66510e+03	1.32820e-02	2.25000e+00
1.67874e+03	1.34230e-02	2.25000e+00
1.69238e+03	1.35709e-02	2.25000e+00
1.70602e+03	1.37285e-02	2.25000e+00
1.71967e+03	1.38864e-02	2.25000e+00
1.73331e+03	1.40442e-02	2.25000e+00
1.74695e+03	1.42017e-02	2.25000e+00
1.76059e+03	1.43455e-02	2.25000e+00
1.77424e+03	1.45108e-02	2.25000e+00
1.78788e+03	1.46781e-02	2.25000e+00
1.80152e+03	1.48455e-02	2.25000e+00
1.81498e+03	1.50105e-02	2.25000e+00
1.82880e+03	1.51744e-02	2.25000e+00
1.84245e+03	1.53364e-02	2.25000e+00
1.85609e+03	1.55145e-02	2.25000e+00
1.86973e+03	1.56933e-02	2.25000e+00
1.88337e+03	1.58722e-02	2.25000e+00
1.89702e+03	1.60510e-02	2.25000e+00
1.91066e+03	1.62202e-02	2.25000e+00
1.92430e+03	1.63997e-02	2.25000e+00
1.93794e+03	1.65909e-02	2.25000e+00
1.95143e+03	1.67801e-02	2.25000e+00
1.96523e+03	1.69736e-02	2.25000e+00
1.97887e+03	1.71650e-02	2.25000e+00
1.99251e+03	1.73333e-02	2.25000e+00
2.00616e+03	1.75158e-02	2.25000e+00
2.01980e+03	1.77051e-02	2.25000e+00
2.03344e+03	1.78943e-02	2.25000e+00
2.04708e+03	1.80836e-02	2.25000e+00
2.06073e+03	1.82725e-02	2.25000e+00
2.07437e+03	1.84536e-02	2.25000e+00
2.08801e+03	1.86558e-02	2.25000e+00
2.10165e+03	1.88621e-02	2.25000e+00
2.11530e+03	1.90683e-02	2.25000e+00
2.12781e+03	1.92575e-02	2.25000e+00
2.14258e+03	1.94766e-02	2.25000e+00
2.15622e+03	1.96723e-02	2.25000e+00
2.16986e+03	1.98846e-02	2.25000e+00
2.18351e+03	2.00969e-02	2.25000e+00
2.19715e+03	2.03093e-02	2.25000e+00
2.21079e+03	2.05052e-02	2.25000e+00
2.22443e+03	2.07161e-02	2.25000e+00
2.23808e+03	2.09349e-02	2.25000e+00
2.25172e+03	2.11537e-02	2.25000e+00
2.26536e+03	2.13725e-02	2.25000e+00
2.27900e+03	2.15913e-02	2.25000e+00
2.29265e+03	2.17933e-02	2.25000e+00
2.30629e+03	2.20109e-02	2.25000e+00
2.31993e+03	2.22353e-02	2.25000e+00
2.33254e+03	2.24427e-02	2.25000e+00
2.34722e+03	2.26842e-02	2.25000e+00
2.36086e+03	2.29086e-02	2.25000e+00
2.37450e+03	2.31256e-02	2.25000e+00
2.38814e+03	2.33658e-02	2.25000e+00
2.40179e+03	2.36104e-02	2.25000e+00
2.41543e+03	2.38551e-02	2.25000e+00
2.42907e+03	2.40997e-02	2.25000e+00
2.44271e+03	2.43443e-02	2.25000e+00
2.45635e+03	2.45656e-02	2.25000e+00
2.47000e+03	2.48082e-02	2.25000e+00
2.48364e+03	2.50546e-02	2.25000e+00
2.49579e+03	2.52741e-02	2.25000e+00
2.51092e+03	2.55474e-02	2.25000e+00
2.52457e+03	2.57938e-02	2.25000e+00
2.53821e+03	2.60229e-02	2.25000e+00
2.55185e+03	2.62679e-02	2.25000e+00
2.56549e+03	2.65181e-02	2.25000e+00
2.57914e+03	2.67683e-02	2.25000e+00
2.59278e+03	2.70185e-02	2.25000e+00
2.60642e+03	2.72688e-02	2.25000e+00
2.62006e+03	2.75128e-02	2.25000e+00
2.63356e+03	2.77515e-02	2.25000e+00
2.64735e+03	2.80121e-02	2.25000e+00
2.66099e+03	2.82772e-02	2.25000e+00
2.67463e+03	2.85425e-02	2.25000e+00
2.68828e+03	2.88077e-02	2.25000e+00
2.70192e+03	2.90730e-02	2.25000e+00
2.71556e+03	2.93383e-02	2.25000e+00
2.72920e+03	2.96036e-02	2.25000e+00
2.74285e+03	2.98689e-02	2.25000e+00
2.75649e+03	3.01341e-02	2.25000e+00
2.77013e+03	3.03994e-02	2.25000e+00
2.78377e+03	3.06533e-02	2.25000e+00
2.79700e+03	3.09367e-02	2.25000e+00
2.81106e+03	3.12551e-02	2.25000e+00
2.82470e+03	3.15465e-02	2.25000e+00
2.83834e+03	3.18274e-02	2.25000e+00
2.85198e+03	3.20970e-02	2.25000e+00
2.86491e+03	3.23524e-02	2.25000e+00
2.87927e+03	3.26441e-02	2.25000e+00
2.89291e+03	3.29296e-02	2.25000e+00
2.90655e+03	3.32115e-02	2.25000e+00
2.92020e+03	3.34914e-02	2.25000e+00
2.93368e+03	3.37680e-02	2.25000e+00
2.94748e+03	3.40619e-02	2.25000e+00
2.96112e+03	3.43674e-02	2.25000e+00
2.97477e+03	3.47376e-02	2.25000e+00
2.98721e+03	3.51837e-02	2.25000e+00
2.99639e+03	3.55376e-02	2.25000e+00
3.00945e+03	3.58915e-02	2.25000e+00
3.02466e+03	3.62454e-02	2.25000e+00
3.03952e+03	3.65994e-02	2.25000e+00
3.05451e+03	3.69533e-02	2.25000e+00
3.06918e+03	3.73072e-02	2.25000e+00
1.37148e+02	1.01900e-03	2.93000e+00
1.50790e+02	1.07572e-03	2.93000e+00
1.64433e+02	1.12718e-03	2.93000e+00
1.78075e+02	1.16982e-03	2.93000e+00
1.91718e+02	1.21308e-03	2.93000e+00
2.05360e+02	1.27830e-03	2.93000e+00
2.19002e+02	1.33903e-03	2.93000e+00
2.32645e+02	1.39788e-03	2.93000e+00
2.46287e+02	1.44367e-03	2.93000e+00
2.59930e+02	1.49043e-03	2.93000e+00
2.73572e+02	1.53760e-03	2.93000e+00
2.87214e+02	1.57825e-03	2.93000e+00
3.00857e+02	1.63709e-03	2.93000e+00
3.14499e+02	1.69621e-03	2.93000e+00
3.28142e+02	1.74434e-03	2.93000e+00
3.41784e+02	1.79232e-03	2.93000e+00
3.55426e+02	1.84253e-03	2.93000e+00
3.69069e+02	1.88530e-03	2.93000e+00
3.82711e+02	1.92677e-03	2.93000e+00
3.96353e+02	1.98563e-03	2.93000e+00
4.09996e+02	2.04461e-03	2.93000e+00
4.23638e+02	2.09211e-03	2.93000e+00
4.37281e+02	2.14162e-03	2.93000e+00
4.50923e+02	2.19149e-03	2.93000e+00
4.64565e+02	2.23340e-03	2.93000e+00
4.78208e+02	2.27068e-03	2.93000e+00
4.91850e+02	2.32232e-03	2.93000e+00
5.05493e+02	2.38157e-03	2.93000e+00
5.19135e+02	2.43092e-03	2.93000e+00
5.32777e+02	2.48095e-03	2.93000e+00
5.46420e+02	2.52947e-03	2.93000e+00
5.60062e+02	2.57784e-03	2.93000e+00
5.73705e+02	2.61722e-03	2.93000e+00
5.87347e+02	2.66601e-03	2.93000e+00
6.00989e+02	2.72784e-03	2.93000e+00
6.14632e+02	2.78639e-03	2.93000e+00
6.28274e+02	2.83264e-03	2.93000e+00
6.41917e+02	2.87962e-03	2.93000e+00
6.55559e+02	2.92364e-03	2.93000e+00
6.69201e+02	2.96869e-03	2.93000e+00
6.82844e+02	3.01799e-03	2.93000e+00
6.96486e+02	3.07807e-03	2.93000e+00
7.10129e+02	3.13870e-03	2.93000e+00
7.23771e+02	3.19730e-03	2.93000e+00
7.37413e+02	3.24530e-03	2.93000e+00
7.51056e+02	3.29053e-03	2.93000e+00
7.64698e+02	3.33512e-03	2.93000e+00
7.78340e+02	3.39099e-03	2.93000e+00
7.91983e+02	3.45417e-03	2.93000e+00
8.05625e+02	3.51206e-03	2.93000e+00
8.19268e+02	3.56564e-03	2.93000e+00
8.32910e+02	3.61537e-03	2.93000e+00
8.46552e+02	3.66632e-03	2.93000e+00
8.60195e+02	3.71518e-03	2.93000e+00
8.73837e+02	3.77366e-03	2.93000e+00
8.87480e+02	3.83633e-03	2.93000e+00
9.01122e+02	3.89786e-03	2.93000e+00
9.14764e+02	3.95214e-03	2.93000e+00
9.28407e+02	4.00122e-03	2.93000e+00
9.42049e+02	4.05064e-03	2.93000e+00
9.55692e+02	4.10939e-03	2.93000e+00
9.69334e+02	4.18106e-03	2.93000e+00
9.82976e+02	4.24135e-03	2.93000e+00
9.96619e+02	4.29928e-03	2.93000e+00
1.01026e+03	4.35262e-03	2.93000e+00
1.02390e+03	4.40451e-03	2.93000e+00
1.03755e+03	4.46788e-03	2.93000e+00
1.05119e+03	4.53651e-03	2.93000e+00
1.06483e+03	4.59976e-03	2.93000e+00
1.07847e+03	4.65774e-03	2.93000e+00
1.09212e+03	4.71108e-03	2.93000e+00
1.10576e+03	4.77018e-03	2.93000e+00
1.11940e+03	4.83381e-03	2.93000e+00
1.13304e+03	4.90635e-03	2.93000e+00
1.14669e+03	4.97227e-03	2.93000e+00
1.16033e+03	5.03448e-03	2.93000e+00
1.17397e+03	5.09340e-03	2.93000e+00
1.18761e+03	5.15660e-03	2.93000e+00
1.20125e+03	5.22754e-03	2.93000e+00
1.21490e+03	5.29892e-03	2.93000e+00
1.22854e+03	5.36622e-03	2.93000e+00
1.24218e+03	5.42906e-03	2.93000e+00
1.25582e+03	5.48986e-03	2.93000e+00
1.26947e+03	5.55773e-03	2.93000e+00
1.28311e+03	5.63328e-03	2.93000e+00
1.29675e+03	5.70366e-03	2.93000e+00
1.31039e+03	5.77143e-03	2.93000e+00
1.32404e+03	5.83706e-03	2.93000e+00
1.33768e+03	5.91035e-03	2.93000e+00
1.35132e+03	5.99329e-03	2.93000e+00
1.36496e+03	6.06760e-03	2.93000e+00
1.37861e+03	6.14157e-03	2.93000e+00
1.39225e+03	6.21157e-03	2.93000e+00
1.40589e+03	6.28929e-03	2.93000e+00
1.41953e+03	6.37176e-03	2.93000e+00
1.43318e+03	6.44545e-03	2.93000e+00
1.44682e+03	6.51475e-03	2.93000e+00
1.46046e+03	6.59783e-03	2.93000e+00
1.47410e+03	6.68633e-03	2.93000e+00
1.48774e+03	6.77101e-03	2.93000e+00
1.50139e+03	6.84630e-03	2.93000e+00
1.51503e+03	6.92639e-03	2.93000e+00
1.52867e+03	7.01588e-03	2.93000e+00
1.54231e+03	7.10281e-03	2.93000e+00
1.55596e+03	7.17984e-03	2.93000e+00
1.56960e+03	7.25370e-03	2.93000e+00
1.58324e+03	7.33564e-03	2.93000e+00
1.59688e+03	7.43216e-03	2.93000e+00
1.61053e+03	7.51695e-03	2.93000e+00
1.62417e+03	7.59679e-03	2.93000e+00
1.63781e+03	7.68421e-03	2.93000e+00
1.65145e+03	7.77932e-03	2.93000e+00
1.66510e+03	7.86868e-03	2.93000e+00
1.67874e+03	7.95681e-03	2.93000e+00
1.69238e+03	8.04857e-03	2.93000e+00
1.70602e+03	8.14797e-03	2.93000e+00
1.71967e+03	8.23824e-03	2.93000e+00
1.73331e+03	8.32446e-03	2.93000e+00
1.74695e+03	8.42269e-03	2.93000e+00
1.76059e+03	8.52869e-03	2.93000e+00
1.77424e+03	8.62148e-03	2.93000e+00
1.78788e+03	8.71651e-03	2.93000e+00
1.80152e+03	8.81795e-03	2.93000e+00
1.81516e+03	8.91933e-03	2.93000e+00
1.82880e+03	9.02015e-03	2.93000e+00
1.84245e+03	9.12581e-03	2.93000e+00
1.85609e+03	9.23835e-03	2.93000e+00
1.86973e+03	9.33850e-03	2.93000e+00
1.88337e+03	9.44281e-03	2.93000e+00
1.89702e+03	9.55663e-03	2.93000e+00
1.91066e+03	9.67113e-03	2.93000e+00
1.92430e+03	9.78106e-03	2.93000e+00
1.93794e+03	9.89809e-03	2.93000e+00
1.95159e+03	1.00134e-02	2.93000e+00
1.96523e+03	1.01227e-02	2.93000e+00
1.97887e+03	1.02440e-02	2.93000e+00
1.99251e+03	1.03665e-02	2.93000e+00
2.00616e+03	1.04778e-02	2.93000e+00
2.01980e+03	1.05941e-02	2.93000e+00
2.03344e+03	1.07136e-02	2.93000e+00
2.04708e+03	1.08245e-02	2.93000e+00
2.06073e+03	1.09464e-02	2.93000e+00
2.07437e+03	1.10769e-02	2.93000e+00
2.08801e+03	1.11999e-02	2.93000e+00
2.10165e+03	1.13287e-02	2.93000e+00
2.11530e+03	1.14551e-02	2.93000e+00
2.12894e+03	1.15799e-02	2.93000e+00
2.14258e+03	1.17181e-02	2.93000e+00
2.15622e+03	1.18496e-02	2.93000e+00
2.16986e+03	1.19829e-02	2.93000e+00
2.18351e+03	1.21206e-02	2.93000e+00
2.19715e+03	1.22502e-02	2.93000e+00
2.21079e+03	1.23981e-02	2.93000e+00
2.22443e+03	1.25484e-02	2.93000e+00
2.23808e+03	1.26924e-02	2.93000e+00
2.25172e+03	1.28399e-02	2.93000e+00
2.26536e+03	1.29804e-02	2.93000e+00
2.27900e+03	1.31262e-02	2.93000e+00
2.29265e+03	1.32684e-02	2.93000e+00
2.30629e+03	1.34124e-02	2.93000e+00
2.31993e+03	1.35594e-02	2.93000e+00
2.33357e+03	1.37004e-02	2.93000e+00
2.34722e+03	1.38470e-02	2.93000e+00
2.36086e+03	1.39895e-02	2.93000e+00
2.37450e+03	1.41491e-02	2.93000e+00
2.38738e+03	1.43027e-02	2.93000e+00
2.40179e+03	1.44744e-02	2.93000e+00
2.41543e+03	1.46385e-02	2.93000e+00
2.42907e+03	1.47998e-02	2.93000e+00
2.44271e+03	1.49649e-02	2.93000e+00
2.45635e+03	1.51385e-02	2.93000e+00
2.47000e+03	1.53089e-02	2.93000e+00
2.48364e+03	1.54754e-02	2.93000e+00
2.49728e+03	1.56456e-02	2.93000e+00
2.51092e+03	1.58123e-02	2.93000e+00
2.52457e+03	1.59818e-02	2.93000e+00
2.53821e+03	1.61599e-02	2.93000e+00
2.55185e+03	1.63389e-02	2.93000e+00
2.56549e+03	1.65159e-02	2.93000e+00
2.57914e+03	1.66938e-02	2.93000e+00
2.59278e+03	1.68708e-02	2.93000e+00
2.60642e+03	1.70487e-02	2.93000e+00
2.62006e+03	1.72298e-02	2.93000e+00
2.63371e+03	1.74235e-02	2.93000e+00
2.64735e+03	1.76155e-02	2.93000e+00
2.66099e+03	1.78094e-02	2.93000e+00
2.67463e+03	1.80012e-02	2.93000e+00
2.68828e+03	1.81941e-02	2.93000e+00
2.70192e+03	1.83982e-02	2.93000e+00
2.71556e+03	1.85978e-02	2.93000e+00
2.72920e+03	1.87924e-02	2.93000e+00
2.74285e+03	1.89870e-02	2.93000e+00
2.75649e+03	1.91816e-02	2.93000e+00
2.77013e+03	1.93763e-02	2.93000e+00
2.78377e+03	1.95734e-02	2.93000e+00
2.79741e+03	1.97832e-02	2.93000e+00
2.80943e+03	1.99653e-02	2.93000e+00
2.82470e+03	2.01970e-02	2.93000e+00
2.83834e+03	2.04039e-02	2.93000e+00
2.85198e+03	2.06108e-02	2.93000e+00
2.86563e+03	2.08195e-02	2.93000e+00
2.87858e+03	2.10271e-02	2.93000e+00
2.89291e+03	2.12543e-02	2.93000e+00
2.90655e+03	2.14702e-02	2.93000e+00
2.92020e+03	2.16860e-02	2.93000e+00
2.93384e+03	2.19019e-02	2.93000e+00
2.94565e+03	2.20888e-02	2.93000e+00
2.96112e+03	2.23464e-02	2.93000e+00
2.97477e+03	2.25733e-02	2.93000e+00
2.98819e+03	2.27967e-02	2.93000e+00
3.00205e+03	2.30272e-02	2.93000e+00
3.01569e+03	2.32542e-02	2.93000e+00
3.02934e+03	2.34813e-02	2.93000e+00
3.04298e+03	2.37461e-02	2.93000e+00
3.05662e+03	2.39750e-02	2.93000e+00
3.07026e+03	2.42012e-02	2.93000e+00
3.08390e+03	2.44274e-02	2.93000e+00
3.09755e+03	2.46536e-02	2.93000e+00
3.11119e+03	2.48798e-02	2.93000e+00
3.12483e+03	2.51323e-02	2.93000e+00
3.13847e+03	2.54925e-02	2.93000e+00
3.15212e+03	2.59021e-02	2.93000e+00
3.16576e+03	2.63090e-02	2.93000e+00
3.17940e+03	2.65689e-02	2.93000e+00
3.19304e+03	2.68378e-02	2.93000e+00
3.20669e+03	2.71010e-02	2.93000e+00
3.22033e+03	2.73707e-02	2.93000e+00
2.74349e+02	8.53915e-04	4.12000e+00
3.00857e+02	9.20108e-04	4.12000e+00
3.14499e+02	9.53475e-04	4.12000e+00
3.28142e+02	9.79652e-04	4.12000e+00
3.41784e+02	1.00464e-03	4.12000e+00
3.55426e+02	1.03158e-03	4.12000e+00
3.69069e+02	1.05629e-03	4.12000e+00
3.82711e+02	1.08016e-03	4.12000e+00
3.96353e+02	1.10541e-03	4.12000e+00
4.09996e+02	1.12969e-03	4.12000e+00
4.23638e+02	1.14881e-03	4.12000e+00
4.37281e+02	1.16753e-03	4.12000e+00
4.50923e+02	1.18627e-03	4.12000e+00
4.64565e+02	1.20314e-03	4.12000e+00
4.78208e+02	1.22737e-03	4.12000e+00
4.91850e+02	1.26011e-03	4.12000e+00
5.05493e+02	1.29087e-03	4.12000e+00
5.19135e+02	1.31738e-03	4.12000e+00
5.32777e+02	1.34572e-03	4.12000e+00
5.46420e+02	1.37446e-03	4.12000e+00
5.60062e+02	1.40223e-03	4.12000e+00
5.73705e+02	1.42432e-03	4.12000e+00
5.87347e+02	1.44610e-03	4.12000e+00
6.00989e+02	1.47008e-03	4.12000e+00
6.14632e+02	1.49442e-03	4.12000e+00
6.28274e+02	1.51333e-03	4.12000e+00
6.41917e+02	1.53198e-03	4.12000e+00
6.55559e+02	1.55062e-03	4.12000e+00
6.69201e+02	1.57215e-03	4.12000e+00
6.82844e+02	1.60537e-03	4.12000e+00
6.96486e+02	1.63946e-03	4.12000e+00
7.10129e+02	1.67273e-03	4.12000e+00
7.23771e+02	1.70520e-03	4.12000e+00
7.37413e+02	1.73115e-03	4.12000e+00
7.51056e+02	1.75560e-03	4.12000e+00
7.64698e+02	1.78284e-03	4.12000e+00
7.78340e+02	1.81060e-03	4.12000e+00
7.91983e+02	1.83505e-03	4.12000e+00
8.05625e+02	1.85641e-03	4.12000e+00
8.19268e+02	1.87747e-03	4.12000e+00
8.32910e+02	1.89824e-03	4.12000e+00
8.46552e+02	1.92105e-03	4.12000e+00
8.60195e+02	1.95286e-03	4.12000e+00
8.73837e+02	1.98842e-03	4.12000e+00
8.87480e+02	2.02320e-03	4.12000e+00
9.01122e+02	2.05711e-03	4.12000e+00
9.14764e+02	2.08683e-03	4.12000e+00
9.28407e+02	2.11333e-03	4.12000e+00
9.42049e+02	2.14130e-03	4.12000e+00
9.55692e+02	2.16905e-03	4.12000e+00
9.69334e+02	2.19806e-03	4.12000e+00
9.82976e+02	2.22156e-03	4.12000e+00
9.96619e+02	2.24423e-03	4.12000e+00
1.01026e+03	2.26656e-03	4.12000e+00
1.02390e+03	2.29765e-03	4.12000e+00
1.03755e+03	2.33690e-03	4.12000e+00
1.05119e+03	2.37246e-03	4.12000e+00
1.06483e+03	2.40688e-03	4.12000e+00
1.07847e+03	2.44040e-03	4.12000e+00
1.09212e+03	2.47423e-03	4.12000e+00
1.10576e+03	2.50519e-03	4.12000e+00
1.11940e+03	2.53200e-03	4.12000e+00
1.13304e+03	2.55848e-03	4.12000e+00
1.14669e+03	2.58488e-03	4.12000e+00
1.16033e+03	2.61000e-03	4.12000e+00
1.17397e+03	2.63990e-03	4.12000e+00
1.18761e+03	2.67989e-03	4.12000e+00
1.20125e+03	2.72075e-03	4.12000e+00
1.21490e+03	2.76022e-03	4.12000e+00
1.22854e+03	2.79925e-03	4.12000e+00
1.24218e+03	2.83453e-03	4.12000e+00
1.25582e+03	2.86443e-03	4.12000e+00
1.26947e+03	2.89481e-03	4.12000e+00
1.28311e+03	2.92405e-03	4.12000e+00
1.29675e+03	2.95173e-03	4.12000e+00
1.31039e+03	2.98088e-03	4.12000e+00
1.32404e+03	3.02088e-03	4.12000e+00
1.33768e+03	3.06715e-03	4.12000e+00
1.35132e+03	3.11027e-03	4.12000e+00
1.36496e+03	3.15329e-03	4.12000e+00
1.37861e+03	3.19509e-03	4.12000e+00
1.39225e+03	3.22828e-03	4.12000e+00
1.40589e+03	3.26125e-03	4.12000e+00
1.41953e+03	3.29346e-03	4.12000e+00
1.43318e+03	3.32378e-03	4.12000e+00
1.44682e+03	3.36147e-03	4.12000e+00
1.46046e+03	3.41257e-03	4.12000e+00
1.47410e+03	3.46170e-03	4.12000e+00
1.48774e+03	3.50719e-03	4.12000e+00
1.50139e+03	3.54943e-03	4.12000e+00
1.51503e+03	3.59062e-03	4.12000e+00
1.52867e+03	3.62974e-03	4.12000e+00
1.54231e+03	3.66197e-03	4.12000e+00
1.55596e+03	3.69614e-03	4.12000e+00
1.56960e+03	3.74202e-03	4.12000e+00
1.58324e+03	3.79502e-03	4.12000e+00
1.59688e+03	3.84615e-03	4.12000e+00
1.61053e+03	3.88922e-03	4.12000e+00
1.62417e+03	3.93281e-03	4.12000e+00
1.63781e+03	3.97338e-03	4.12000e+00
1.65145e+03	4.01108e-03	4.12000e+00
1.66510e+03	4.04894e-03	4.12000e+00
1.67874e+03	4.10166e-03	4.12000e+00
1.69238e+03	4.15970e-03	4.12000e+00
1.70602e+03	4.21275e-03	4.12000e+00
1.71967e+03	4.26143e-03	4.12000e+00
1.73331e+03	4.30626e-03	4.12000e+00
1.74695e+03	4.34933e-03	4.12000e+00
1.76059e+03	4.39003e-03	4.12000e+00
1.77424e+03	4.44046e-03	4.12000e+00
1.78788e+03	4.50375e-03	4.12000e+00
1.80152e+03	4.56123e-03	4.12000e+00
1.81516e+03	4.61367e-03	4.12000e+00
1.82880e+03	4.66742e-03	4.12000e+00
1.84245e+03	4.71241e-03	4.12000e+00
1.85609e+03	4.75822e-03	4.12000e+00
1.86973e+03	4.81875e-03	4.12000e+00
1.88337e+03	4.88487e-03	4.12000e+00
1.89702e+03	4.94611e-03	4.12000e+00
1.91066e+03	5.00571e-03	4.12000e+00
1.92430e+03	5.05568e-03	4.12000e+00
1.93794e+03	5.10471e-03	4.12000e+00
1.95159e+03	5.16828e-03	4.12000e+00
1.96523e+03	5.24026e-03	4.12000e+00
1.97887e+03	5.30693e-03	4.12000e+00
1.99251e+03	5.36931e-03	4.12000e+00
2.00616e+03	5.42090e-03	4.12000e+00
2.01980e+03	5.47488e-03	4.12000e+00
2.03344e+03	5.54429e-03	4.12000e+00
2.04708e+03	5.61661e-03	4.12000e+00
2.06073e+03	5.68283e-03	4.12000e+00
2.07437e+03	5.74607e-03	4.12000e+00
2.08801e+03	5.80122e-03	4.12000e+00
2.10165e+03	5.86788e-03	4.12000e+00
2.11530e+03	5.95052e-03	4.12000e+00
2.12894e+03	6.02362e-03	4.12000e+00
2.14258e+03	6.08866e-03	4.12000e+00
2.15622e+03	6.15179e-03	4.12000e+00
2.16986e+03	6.22153e-03	4.12000e+00
2.18351e+03	6.30921e-03	4.12000e+00
2.19715e+03	6.38671e-03	4.12000e+00
2.21079e+03	6.45716e-03	4.12000e+00
2.22443e+03	6.52179e-03	4.12000e+00
2.23808e+03	6.60434e-03	4.12000e+00
2.25172e+03	6.69435e-03	4.12000e+00
2.26536e+03	6.77289e-03	4.12000e+00
2.27900e+03	6.84202e-03	4.12000e+00
2.29265e+03	6.91609e-03	4.12000e+00
2.30629e+03	7.01294e-03	4.12000e+00
2.31993e+03	7.10274e-03	4.12000e+00
2.33357e+03	7.18072e-03	4.12000e+00
2.34722e+03	7.25637e-03	4.12000e+00
2.36086e+03	7.35114e-03	4.12000e+00
2.37450e+03	7.44638e-03	4.12000e+00
2.38814e+03	7.53164e-03	4.12000e+00
2.40179e+03	7.61540e-03	4.12000e+00
2.41543e+03	7.72022e-03	4.12000e+00
2.42907e+03	7.81919e-03	4.12000e+00
2.44271e+03	7.90423e-03	4.12000e+00
2.45635e+03	7.99427e-03	4.12000e+00
2.47000e+03	8.10684e-03	4.12000e+00
2.48364e+03	8.20727e-03	4.12000e+00
2.49728e+03	8.29490e-03	4.12000e+00
2.51092e+03	8.40138e-03	4.12000e+00
2.52457e+03	8.51091e-03	4.12000e+00
2.53821e+03	8.60393e-03	4.12000e+00
2.55185e+03	8.70299e-03	4.12000e+00
2.56549e+03	8.82494e-03	4.12000e+00
2.57914e+03	8.93197e-03	4.12000e+00
2.59278e+03	9.03032e-03	4.12000e+00
2.60642e+03	9.14976e-03	4.12000e+00
2.62006e+03	9.26148e-03	4.12000e+00
2.63371e+03	9.35867e-03	4.12000e+00
2.64735e+03	9.48923e-03	4.12000e+00
2.66099e+03	9.61485e-03	4.12000e+00
2.67463e+03	9.72348e-03	4.12000e+00
2.68828e+03	9.85321e-03	4.12000e+00
2.70192e+03	9.97706e-03	4.12000e+00
2.71556e+03	1.00876e-02	4.12000e+00
2.72920e+03	1.02258e-02	4.12000e+00
2.74285e+03	1.03523e-02	4.12000e+00
2.75649e+03	1.04697e-02	4.12000e+00
2.77013e+03	1.06085e-02	4.12000e+00
2.78377e+03	1.07298e-02	4.12000e+00
2.79741e+03	1.08515e-02	4.12000e+00
2.81106e+03	1.09990e-02	4.12000e+00
2.82470e+03	1.11262e-02	4.12000e+00
2.83834e+03	1.12738e-02	4.12000e+00
2.85198e+03	1.14153e-02	4.12000e+00
2.86563e+03	1.15467e-02	4.12000e+00
2.87927e+03	1.16988e-02	4.12000e+00
2.89247e+03	1.18253e-02	4.12000e+00
2.90655e+03	1.19881e-02	4.12000e+00
2.92020e+03	1.21368e-02	4.12000e+00
2.93384e+03	1.22790e-02	4.12000e+00
2.94748e+03	1.24390e-02	4.12000e+00
2.96112e+03	1.25772e-02	4.12000e+00
2.97477e+03	1.27393e-02	4.12000e+00
2.98826e+03	1.28870e-02	4.12000e+00
3.00205e+03	1.30587e-02	4.12000e+00
3.01569e+03	1.32181e-02	4.12000e+00
3.02934e+03	1.33802e-02	4.12000e+00
3.04298e+03	1.35467e-02	4.12000e+00
3.05662e+03	1.37026e-02	4.12000e+00
3.07026e+03	1.38810e-02	4.12000e+00
3.08390e+03	1.40389e-02	4.12000e+00
3.09755e+03	1.42159e-02	4.12000e+00
3.11119e+03	1.43737e-02	4.12000e+00
3.12483e+03	1.45512e-02	4.12000e+00
3.13847e+03	1.47085e-02	4.12000e+00
3.15212e+03	1.48917e-02	4.12000e+00
3.16576e+03	1.50547e-02	4.12000e+00
3.17940e+03	1.52381e-02	4.12000e+00
3.19304e+03	1.54029e-02	4.12000e+00
3.20669e+03	1.55862e-02	4.12000e+00
3.22033e+03	1.57511e-02	4.12000e+00
3.23397e+03	1.59364e-02	4.12000e+00
3.24761e+03	1.61255e-02	4.12000e+00
3.26126e+03	1.63317e-02	4.12000e+00
3.27490e+03	1.65109e-02	4.12000e+00
3.28854e+03	1.67127e-02	4.12000e+00
3.30218e+03	1.68930e-02	4.12000e+00
3.31583e+03	1.70921e-02	4.12000e+00
3.32947e+03	1.73021e-02	4.12000e+00
3.34311e+03	1.75869e-02	4.12000e+00
3.35492e+03	1.78419e-02	4.12000e+00
9.36593e+02	8.53915e-04	6.95000e+00
9.55692e+02	8.70764e-04	6.95000e+00
9.69334e+02	8.86022e-04	6.95000e+00
9.82976e+02	8.97587e-04	6.95000e+00
9.96619e+02	9.08676e-04	6.95000e+00
1.01026e+03	9.19760e-04	6.95000e+00
1.02390e+03	9.31242e-04	6.95000e+00
1.03755e+03	9.44048e-04	6.95000e+00
1.05119e+03	9.58557e-04	6.95000e+00
1.06483e+03	9.72495e-04	6.95000e+00
1.07847e+03	9.85894e-04	6.95000e+00
1.09212e+03	9.98797e-04	6.95000e+00
1.10576e+03	1.01098e-03	6.95000e+00
1.11940e+03	1.02079e-03	6.95000e+00
1.13304e+03	1.03204e-03	6.95000e+00
1.14669e+03	1.04472e-03	6.95000e+00
1.16033e+03	1.05752e-03	6.95000e+00
1.17397e+03	1.06899e-03	6.95000e+00
1.18761e+03	1.07959e-03	6.95000e+00
1.20125e+03	1.09080e-03	6.95000e+00
1.21490e+03	1.10281e-03	6.95000e+00
1.22854e+03	1.11499e-03	6.95000e+00
1.24218e+03	1.12615e-03	6.95000e+00
1.25582e+03	1.13554e-03	6.95000e+00
1.26947e+03	1.14511e-03	6.95000e+00
1.28311e+03	1.15630e-03	6.95000e+00
1.29675e+03	1.16767e-03	6.95000e+00
1.31039e+03	1.17843e-03	6.95000e+00
1.32404e+03	1.18688e-03	6.95000e+00
1.33768e+03	1.19529e-03	6.95000e+00
1.35132e+03	1.20365e-03	6.95000e+00
1.36496e+03	1.21700e-03	6.95000e+00
1.37861e+03	1.23455e-03	6.95000e+00
1.39225e+03	1.24813e-03	6.95000e+00
1.40589e+03	1.26153e-03	6.95000e+00
1.41953e+03	1.27478e-03	6.95000e+00
1.43318e+03	1.28790e-03	6.95000e+00
1.44682e+03	1.30110e-03	6.95000e+00
1.46046e+03	1.31624e-03	6.95000e+00
1.47410e+03	1.33385e-03	6.95000e+00
1.48774e+03	1.35309e-03	6.95000e+00
1.50139e+03	1.37199e-03	6.95000e+00
1.51503e+03	1.39054e-03	6.95000e+00
1.52867e+03	1.40733e-03	6.95000e+00
1.54231e+03	1.42058e-03	6.95000e+00
1.55596e+03	1.43624e-03	6.95000e+00
1.56960e+03	1.45262e-03	6.95000e+00
1.58324e+03	1.46873e-03	6.95000e+00
1.59688e+03	1.48457e-03	6.95000e+00
1.61053e+03	1.49752e-03	6.95000e+00
1.62417e+03	1.50974e-03	6.95000e+00
1.63781e+03	1.52190e-03	6.95000e+00
1.65145e+03	1.53552e-03	6.95000e+00
1.66510e+03	1.55050e-03	6.95000e+00
1.67874e+03	1.56572e-03	6.95000e+00
1.69238e+03	1.58209e-03	6.95000e+00
1.70602e+03	1.59879e-03	6.95000e+00
1.71967e+03	1.61600e-03	6.95000e+00
1.73331e+03	1.63364e-03	6.95000e+00
1.74695e+03	1.65272e-03	6.95000e+00
1.76059e+03	1.67165e-03	6.95000e+00
1.77424e+03	1.68891e-03	6.95000e+00
1.78788e+03	1.70770e-03	6.95000e+00
1.80152e+03	1.73039e-03	6.95000e+00
1.81516e+03	1.75399e-03	6.95000e+00
1.82880e+03	1.77704e-03	6.95000e+00
1.84245e+03	1.79554e-03	6.95000e+00
1.85609e+03	1.81461e-03	6.95000e+00
1.86973e+03	1.83283e-03	6.95000e+00
1.88337e+03	1.85286e-03	6.95000e+00
1.89702e+03	1.87332e-03	6.95000e+00
1.91066e+03	1.89337e-03	6.95000e+00
1.92430e+03	1.90927e-03	6.95000e+00
1.93794e+03	1.92788e-03	6.95000e+00
1.95159e+03	1.94906e-03	6.95000e+00
1.96523e+03	1.97090e-03	6.95000e+00
1.97887e+03	1.99403e-03	6.95000e+00
1.99251e+03	2.02076e-03	6.95000e+00
2.00616e+03	2.04218e-03	6.95000e+00
2.01980e+03	2.06359e-03	6.95000e+00
2.03344e+03	2.08744e-03	6.95000e+00
2.04708e+03	2.11395e-03	6.95000e+00
2.06073e+03	2.14339e-03	6.95000e+00
2.07437e+03	2.17140e-03	6.95000e+00
2.08801e+03	2.19413e-03	6.95000e+00
2.10165e+03	2.21677e-03	6.95000e+00
2.11530e+03	2.23811e-03	6.95000e+00
2.12894e+03	2.25828e-03	6.95000e+00
2.14258e+03	2.28642e-03	6.95000e+00
2.15622e+03	2.31761e-03	6.95000e+00
2.16986e+03	2.34270e-03	6.95000e+00
2.18351e+03	2.36908e-03	6.95000e+00
2.19715e+03	2.39709e-03	6.95000e+00
2.21079e+03	2.42630e-03	6.95000e+00
2.22443e+03	2.45655e-03	6.95000e+00
2.23808e+03	2.48393e-03	6.95000e+00
2.25172e+03	2.51463e-03	6.95000e+00
2.26536e+03	2.54488e-03	6.95000e+00
2.27900e+03	2.57692e-03	6.95000e+00
2.29265e+03	2.60844e-03	6.95000e+00
2.30629e+03	2.63945e-03	6.95000e+00
2.31993e+03	2.67036e-03	6.95000e+00
2.33357e+03	2.70151e-03	6.95000e+00
2.34722e+03	2.73480e-03	6.95000e+00
2.36086e+03	2.76951e-03	6.95000e+00
2.37450e+03	2.80573e-03	6.95000e+00
2.38814e+03	2.84444e-03	6.95000e+00
2.40179e+03	2.87804e-03	6.95000e+00
2.41543e+03	2.91395e-03	6.95000e+00
2.42907e+03	2.94768e-03	6.95000e+00
2.44271e+03	2.97892e-03	6.95000e+00
2.45635e+03	3.02031e-03	6.95000e+00
2.47000e+03	3.06561e-03	6.95000e+00
2.48364e+03	3.10497e-03	6.95000e+00
2.49728e+03	3.14277e-03	6.95000e+00
2.51092e+03	3.18056e-03	6.95000e+00
2.52457e+03	3.21906e-03	6.95000e+00
2.53821e+03	3.26377e-03	6.95000e+00
2.55185e+03	3.31165e-03	6.95000e+00
2.56549e+03	3.35697e-03	6.95000e+00
2.57914e+03	3.39887e-03	6.95000e+00
2.59278e+03	3.44077e-03	6.95000e+00
2.60642e+03	3.48375e-03	6.95000e+00
2.62006e+03	3.53110e-03	6.95000e+00
2.63371e+03	3.58101e-03	6.95000e+00
2.64735e+03	3.63397e-03	6.95000e+00
2.66099e+03	3.68175e-03	6.95000e+00
2.67463e+03	3.72926e-03	6.95000e+00
2.68828e+03	3.77695e-03	6.95000e+00
2.70192e+03	3.82862e-03	6.95000e+00
2.71556e+03	3.88337e-03	6.95000e+00
2.72920e+03	3.94172e-03	6.95000e+00
2.74285e+03	3.99910e-03	6.95000e+00
2.75649e+03	4.05170e-03	6.95000e+00
2.77013e+03	4.10429e-03	6.95000e+00
2.78377e+03	4.15837e-03	6.95000e+00
2.79741e+03	4.21685e-03	6.95000e+00
2.81106e+03	4.27898e-03	6.95000e+00
2.82470e+03	4.34567e-03	6.95000e+00
2.83834e+03	4.40704e-03	6.95000e+00
2.85198e+03	4.46840e-03	6.95000e+00
2.86563e+03	4.52977e-03	6.95000e+00
2.87927e+03	4.59374e-03	6.95000e+00
2.89291e+03	4.66431e-03	6.95000e+00
2.90655e+03	4.73953e-03	6.95000e+00
2.92020e+03	4.81260e-03	6.95000e+00
2.93384e+03	4.88072e-03	6.95000e+00
2.94748e+03	4.94884e-03	6.95000e+00
2.96112e+03	5.01696e-03	6.95000e+00
2.97477e+03	5.08538e-03	6.95000e+00
2.98841e+03	5.17042e-03	6.95000e+00
3.00205e+03	5.25669e-03	6.95000e+00
3.01569e+03	5.33560e-03	6.95000e+00
3.02934e+03	5.41431e-03	6.95000e+00
3.04298e+03	5.49303e-03	6.95000e+00
3.05662e+03	5.57439e-03	6.95000e+00
3.07026e+03	5.66188e-03	6.95000e+00
3.08390e+03	5.75608e-03	6.95000e+00
3.09755e+03	5.85777e-03	6.95000e+00
3.11119e+03	5.96451e-03	6.95000e+00
3.12483e+03	6.08621e-03	6.95000e+00
3.13847e+03	6.22687e-03	6.95000e+00
3.15212e+03	6.36754e-03	6.95000e+00
3.16576e+03	6.50821e-03	6.95000e+00
3.17940e+03	6.64888e-03	6.95000e+00
3.19304e+03	6.73162e-03	6.95000e+00
3.20669e+03	6.80960e-03	6.95000e+00
3.22033e+03	6.91979e-03	6.95000e+00
3.23397e+03	7.03507e-03	6.95000e+00
3.24761e+03	7.15036e-03	6.95000e+00
3.26126e+03	7.26564e-03	6.95000e+00
3.27490e+03	7.35668e-03	6.95000e+00
3.28854e+03	7.41249e-03	6.95000e+00
3.30218e+03	7.46829e-03	6.95000e+00
3.31583e+03	7.52410e-03	6.95000e+00
3.32947e+03	7.58037e-03	6.95000e+00
3.34311e+03	7.69488e-03	6.95000e+00
3.35675e+03	7.82613e-03	6.95000e+00
3.37040e+03	7.96515e-03	6.95000e+00
3.38404e+03	8.10561e-03	6.95000e+00
3.39768e+03	8.24448e-03	6.95000e+00
3.41132e+03	8.38148e-03	6.95000e+00
3.42496e+03	8.51077e-03	6.95000e+00
3.43861e+03	8.63455e-03	6.95000e+00
3.45225e+03	8.75557e-03	6.95000e+00
