# These isoelasticity lines were extracted from FEM simulations conducted
# by Lucas Wittwer. See http://dx.doi.org/10.1021/acsbiomaterials.6b00558
# and http://arxiv.org/abs/2208.12552 for more information.
#
# BEGIN METADATA
# {
#   "authors": "L. D. Wittwer, S. Aland",
#   "channel_width": 20.0,
#   "channel_width_unit": "um",
#   "date": "2022-08-26",
#   "dimensionality": "2Daxis",
#   "flow_rate": 0.04,
#   "flow_rate_unit": "uL/s",
#   "fluid_consistency_coefficient": 0.4057,
#   "fluid_consistency_coefficient_unit": "Pa s",
#   "fluid_density": 1000.0,
#   "fluid_density_unit": "kg m^-3",
#   "fluid_flow_behaviour_index": 0.6039,
#   "fluid_flow_behaviour_index_unit": "",
#   "fluid_viscosity": 6.0,
#   "fluid_viscosity_unit": "mPa s",
#   "lut identifier": "HE-2D-FEM-22",
#   "method": "FEM",
#   "model": "hyper-elastic solid / non-Newtonian fluid",
#   "software": "COMSOL 5.5",
#   "solid_density": 1000.0,
#   "solid_density_unit": "kg m^-3",
#   "summary": "2D-axis-symmetric FEM simulation with a hyper-elastic elasticity model and non-Newtonian fluid"
# }
# END METADATA
#
# volume [um^3]	deform	emodulus [kPa]
1.37192e+02	2.64095e-02	5.50000e-01
1.40110e+02	2.68522e-02	5.50000e-01
1.42632e+02	2.72640e-02	5.50000e-01
1.45298e+02	2.76758e-02	5.50000e-01
1.47774e+02	2.80875e-02	5.50000e-01
1.50336e+02	2.84993e-02	5.50000e-01
1.52876e+02	2.89110e-02	5.50000e-01
1.55579e+02	2.93228e-02	5.50000e-01
1.58068e+02	2.97345e-02	5.50000e-01
1.60706e+02	3.01463e-02	5.50000e-01
1.63142e+02	3.05580e-02	5.50000e-01
1.65758e+02	3.09698e-02	5.50000e-01
1.68316e+02	3.13815e-02	5.50000e-01
1.70913e+02	3.17933e-02	5.50000e-01
1.73417e+02	3.22050e-02	5.50000e-01
1.76002e+02	3.26168e-02	5.50000e-01
1.78394e+02	3.30286e-02	5.50000e-01
1.81085e+02	3.34403e-02	5.50000e-01
1.83514e+02	3.38521e-02	5.50000e-01
1.86039e+02	3.42638e-02	5.50000e-01
1.88641e+02	3.46756e-02	5.50000e-01
1.90866e+02	3.50873e-02	5.50000e-01
1.93668e+02	3.54991e-02	5.50000e-01
1.96059e+02	3.59108e-02	5.50000e-01
1.98531e+02	3.63226e-02	5.50000e-01
2.01147e+02	3.67343e-02	5.50000e-01
2.03535e+02	3.71461e-02	5.50000e-01
2.05985e+02	3.75578e-02	5.50000e-01
2.08514e+02	3.79696e-02	5.50000e-01
2.10947e+02	3.83813e-02	5.50000e-01
2.13412e+02	3.87931e-02	5.50000e-01
2.15861e+02	3.92049e-02	5.50000e-01
2.18155e+02	3.96166e-02	5.50000e-01
2.20521e+02	4.00284e-02	5.50000e-01
2.23076e+02	4.04401e-02	5.50000e-01
2.25395e+02	4.08519e-02	5.50000e-01
2.27740e+02	4.12636e-02	5.50000e-01
2.29983e+02	4.16754e-02	5.50000e-01
2.32348e+02	4.20871e-02	5.50000e-01
2.34885e+02	4.24989e-02	5.50000e-01
2.37029e+02	4.29106e-02	5.50000e-01
2.39543e+02	4.33224e-02	5.50000e-01
2.41830e+02	4.37341e-02	5.50000e-01
2.44132e+02	4.41459e-02	5.50000e-01
2.46275e+02	4.45577e-02	5.50000e-01
2.48809e+02	4.49694e-02	5.50000e-01
2.51041e+02	4.53812e-02	5.50000e-01
2.53358e+02	4.57929e-02	5.50000e-01
2.55656e+02	4.62047e-02	5.50000e-01
2.58052e+02	4.66164e-02	5.50000e-01
2.59924e+02	4.70282e-02	5.50000e-01
2.62350e+02	4.74399e-02	5.50000e-01
2.64737e+02	4.78517e-02	5.50000e-01
2.66854e+02	4.82634e-02	5.50000e-01
2.69081e+02	4.86752e-02	5.50000e-01
2.71421e+02	4.90869e-02	5.50000e-01
2.73827e+02	4.94987e-02	5.50000e-01
2.75665e+02	4.99105e-02	5.50000e-01
2.77831e+02	5.03222e-02	5.50000e-01
2.80108e+02	5.07340e-02	5.50000e-01
2.82286e+02	5.11457e-02	5.50000e-01
2.84369e+02	5.15575e-02	5.50000e-01
2.86473e+02	5.19692e-02	5.50000e-01
2.88610e+02	5.23810e-02	5.50000e-01
2.90837e+02	5.27927e-02	5.50000e-01
2.92853e+02	5.32045e-02	5.50000e-01
2.94947e+02	5.36162e-02	5.50000e-01
2.96973e+02	5.40280e-02	5.50000e-01
2.99049e+02	5.44397e-02	5.50000e-01
3.01076e+02	5.48515e-02	5.50000e-01
3.03106e+02	5.52633e-02	5.50000e-01
3.05145e+02	5.56750e-02	5.50000e-01
3.07252e+02	5.60868e-02	5.50000e-01
3.09351e+02	5.64985e-02	5.50000e-01
3.11322e+02	5.69103e-02	5.50000e-01
3.13085e+02	5.73220e-02	5.50000e-01
3.15021e+02	5.77338e-02	5.50000e-01
3.17035e+02	5.81455e-02	5.50000e-01
3.19050e+02	5.85573e-02	5.50000e-01
3.21064e+02	5.89690e-02	5.50000e-01
3.22889e+02	5.93808e-02	5.50000e-01
3.24851e+02	5.97925e-02	5.50000e-01
3.26828e+02	6.02043e-02	5.50000e-01
3.28846e+02	6.06161e-02	5.50000e-01
3.30870e+02	6.10278e-02	5.50000e-01
3.32901e+02	6.14396e-02	5.50000e-01
3.34188e+02	6.18513e-02	5.50000e-01
3.36081e+02	6.22631e-02	5.50000e-01
3.37902e+02	6.26748e-02	5.50000e-01
3.39856e+02	6.30866e-02	5.50000e-01
3.41867e+02	6.34983e-02	5.50000e-01
3.43878e+02	6.39101e-02	5.50000e-01
3.45167e+02	6.43218e-02	5.50000e-01
3.47010e+02	6.47336e-02	5.50000e-01
3.48922e+02	6.51453e-02	5.50000e-01
3.50802e+02	6.55571e-02	5.50000e-01
3.52839e+02	6.59689e-02	5.50000e-01
3.54876e+02	6.63806e-02	5.50000e-01
3.56067e+02	6.67924e-02	5.50000e-01
3.57634e+02	6.72041e-02	5.50000e-01
3.59260e+02	6.76159e-02	5.50000e-01
3.60883e+02	6.80276e-02	5.50000e-01
3.62533e+02	6.84394e-02	5.50000e-01
3.64161e+02	6.88511e-02	5.50000e-01
3.65788e+02	6.92629e-02	5.50000e-01
3.67428e+02	6.96746e-02	5.50000e-01
3.68959e+02	7.00864e-02	5.50000e-01
3.70706e+02	7.04981e-02	5.50000e-01
3.72365e+02	7.09099e-02	5.50000e-01
3.73980e+02	7.13217e-02	5.50000e-01
3.75526e+02	7.17334e-02	5.50000e-01
3.76975e+02	7.21452e-02	5.50000e-01
3.78420e+02	7.25569e-02	5.50000e-01
3.79630e+02	7.29687e-02	5.50000e-01
3.81537e+02	7.33804e-02	5.50000e-01
3.82822e+02	7.37922e-02	5.50000e-01
3.84544e+02	7.42039e-02	5.50000e-01
3.86132e+02	7.46157e-02	5.50000e-01
3.87567e+02	7.50274e-02	5.50000e-01
3.88802e+02	7.54392e-02	5.50000e-01
3.89996e+02	7.58509e-02	5.50000e-01
3.91168e+02	7.62627e-02	5.50000e-01
3.92856e+02	7.66745e-02	5.50000e-01
3.94246e+02	7.70862e-02	5.50000e-01
3.96032e+02	7.74980e-02	5.50000e-01
3.97505e+02	7.79097e-02	5.50000e-01
3.99207e+02	7.83215e-02	5.50000e-01
4.00372e+02	7.87332e-02	5.50000e-01
4.01296e+02	7.91450e-02	5.50000e-01
4.02220e+02	7.95567e-02	5.50000e-01
4.03181e+02	7.99685e-02	5.50000e-01
4.04449e+02	8.03802e-02	5.50000e-01
4.06107e+02	8.07920e-02	5.50000e-01
4.07960e+02	8.12037e-02	5.50000e-01
4.08950e+02	8.16155e-02	5.50000e-01
4.10282e+02	8.20273e-02	5.50000e-01
4.12078e+02	8.24390e-02	5.50000e-01
4.13126e+02	8.28508e-02	5.50000e-01
4.14173e+02	8.32625e-02	5.50000e-01
4.15231e+02	8.36743e-02	5.50000e-01
4.16188e+02	8.40860e-02	5.50000e-01
4.17176e+02	8.44978e-02	5.50000e-01
4.18444e+02	8.49095e-02	5.50000e-01
4.19981e+02	8.53213e-02	5.50000e-01
4.21135e+02	8.57330e-02	5.50000e-01
4.22492e+02	8.61448e-02	5.50000e-01
4.23668e+02	8.65565e-02	5.50000e-01
4.24557e+02	8.69683e-02	5.50000e-01
4.25446e+02	8.73801e-02	5.50000e-01
4.26363e+02	8.77918e-02	5.50000e-01
4.27456e+02	8.82036e-02	5.50000e-01
4.28341e+02	8.86153e-02	5.50000e-01
4.29336e+02	8.90271e-02	5.50000e-01
4.30506e+02	8.94388e-02	5.50000e-01
4.31532e+02	8.98506e-02	5.50000e-01
4.32532e+02	9.02623e-02	5.50000e-01
4.33556e+02	9.06741e-02	5.50000e-01
4.34304e+02	9.10858e-02	5.50000e-01
4.35500e+02	9.14976e-02	5.50000e-01
4.39350e+02	9.19093e-02	5.50000e-01
4.50191e+02	9.22405e-02	5.50000e-01
1.37192e+02	1.66692e-02	6.70000e-01
1.44970e+02	1.73819e-02	6.70000e-01
1.49337e+02	1.77937e-02	6.70000e-01
1.53817e+02	1.82054e-02	6.70000e-01
1.58326e+02	1.86172e-02	6.70000e-01
1.62837e+02	1.90289e-02	6.70000e-01
1.67329e+02	1.94407e-02	6.70000e-01
1.71932e+02	1.98524e-02	6.70000e-01
1.76366e+02	2.02642e-02	6.70000e-01
1.80888e+02	2.06759e-02	6.70000e-01
1.85442e+02	2.10877e-02	6.70000e-01
1.89978e+02	2.14994e-02	6.70000e-01
1.94456e+02	2.19112e-02	6.70000e-01
1.99190e+02	2.23230e-02	6.70000e-01
2.03670e+02	2.27347e-02	6.70000e-01
2.08229e+02	2.31465e-02	6.70000e-01
2.12802e+02	2.35582e-02	6.70000e-01
2.17278e+02	2.39700e-02	6.70000e-01
2.21865e+02	2.43817e-02	6.70000e-01
2.26344e+02	2.47935e-02	6.70000e-01
2.30837e+02	2.52052e-02	6.70000e-01
2.35337e+02	2.56170e-02	6.70000e-01
2.39900e+02	2.60287e-02	6.70000e-01
2.44448e+02	2.64405e-02	6.70000e-01
2.48907e+02	2.68522e-02	6.70000e-01
2.53489e+02	2.72640e-02	6.70000e-01
2.57970e+02	2.76758e-02	6.70000e-01
2.62549e+02	2.80875e-02	6.70000e-01
2.67019e+02	2.84993e-02	6.70000e-01
2.71529e+02	2.89110e-02	6.70000e-01
2.76124e+02	2.93228e-02	6.70000e-01
2.80640e+02	2.97345e-02	6.70000e-01
2.85229e+02	3.01463e-02	6.70000e-01
2.89644e+02	3.05580e-02	6.70000e-01
2.94136e+02	3.09698e-02	6.70000e-01
2.98550e+02	3.13815e-02	6.70000e-01
3.03006e+02	3.17933e-02	6.70000e-01
3.07499e+02	3.22050e-02	6.70000e-01
3.11869e+02	3.26168e-02	6.70000e-01
3.16364e+02	3.30286e-02	6.70000e-01
3.20810e+02	3.34403e-02	6.70000e-01
3.25248e+02	3.38521e-02	6.70000e-01
3.29679e+02	3.42638e-02	6.70000e-01
3.34096e+02	3.46756e-02	6.70000e-01
3.38484e+02	3.50873e-02	6.70000e-01
3.42850e+02	3.54991e-02	6.70000e-01
3.47328e+02	3.59108e-02	6.70000e-01
3.51771e+02	3.63226e-02	6.70000e-01
3.56177e+02	3.67343e-02	6.70000e-01
3.60581e+02	3.71461e-02	6.70000e-01
3.64936e+02	3.75578e-02	6.70000e-01
3.69224e+02	3.79696e-02	6.70000e-01
3.73468e+02	3.83813e-02	6.70000e-01
3.77801e+02	3.87931e-02	6.70000e-01
3.81944e+02	3.92049e-02	6.70000e-01
3.86091e+02	3.96166e-02	6.70000e-01
3.90471e+02	4.00284e-02	6.70000e-01
3.94649e+02	4.04401e-02	6.70000e-01
3.98917e+02	4.08519e-02	6.70000e-01
4.03389e+02	4.12636e-02	6.70000e-01
4.07554e+02	4.16754e-02	6.70000e-01
4.11692e+02	4.20871e-02	6.70000e-01
4.16018e+02	4.24989e-02	6.70000e-01
4.20338e+02	4.29106e-02	6.70000e-01
4.24768e+02	4.33224e-02	6.70000e-01
4.28879e+02	4.37341e-02	6.70000e-01
4.32802e+02	4.41459e-02	6.70000e-01
4.36823e+02	4.45577e-02	6.70000e-01
4.41149e+02	4.49694e-02	6.70000e-01
4.45483e+02	4.53812e-02	6.70000e-01
4.49513e+02	4.57929e-02	6.70000e-01
4.53309e+02	4.62047e-02	6.70000e-01
4.57446e+02	4.66164e-02	6.70000e-01
4.61748e+02	4.70282e-02	6.70000e-01
4.65817e+02	4.74399e-02	6.70000e-01
4.69473e+02	4.78517e-02	6.70000e-01
4.73445e+02	4.82634e-02	6.70000e-01
4.77677e+02	4.86752e-02	6.70000e-01
4.81597e+02	4.90869e-02	6.70000e-01
4.85549e+02	4.94987e-02	6.70000e-01
4.89524e+02	4.99105e-02	6.70000e-01
4.93445e+02	5.03222e-02	6.70000e-01
4.97358e+02	5.07340e-02	6.70000e-01
5.01281e+02	5.11457e-02	6.70000e-01
5.05287e+02	5.15575e-02	6.70000e-01
5.09146e+02	5.19692e-02	6.70000e-01
5.13097e+02	5.23810e-02	6.70000e-01
5.17096e+02	5.27927e-02	6.70000e-01
5.20777e+02	5.32045e-02	6.70000e-01
5.24555e+02	5.36162e-02	6.70000e-01
5.28429e+02	5.40280e-02	6.70000e-01
5.32296e+02	5.44397e-02	6.70000e-01
5.36161e+02	5.48515e-02	6.70000e-01
5.39917e+02	5.52633e-02	6.70000e-01
5.43584e+02	5.56750e-02	6.70000e-01
5.47239e+02	5.60868e-02	6.70000e-01
5.51028e+02	5.64985e-02	6.70000e-01
5.54915e+02	5.69103e-02	6.70000e-01
5.58597e+02	5.73220e-02	6.70000e-01
5.62139e+02	5.77338e-02	6.70000e-01
5.65819e+02	5.81455e-02	6.70000e-01
5.69620e+02	5.85573e-02	6.70000e-01
5.73217e+02	5.89690e-02	6.70000e-01
5.76882e+02	5.93808e-02	6.70000e-01
5.80524e+02	5.97925e-02	6.70000e-01
5.84114e+02	6.02043e-02	6.70000e-01
5.87623e+02	6.06161e-02	6.70000e-01
5.91215e+02	6.10278e-02	6.70000e-01
5.94827e+02	6.14396e-02	6.70000e-01
5.98388e+02	6.18513e-02	6.70000e-01
6.01873e+02	6.22631e-02	6.70000e-01
6.05433e+02	6.26748e-02	6.70000e-01
6.08918e+02	6.30866e-02	6.70000e-01
6.12338e+02	6.34983e-02	6.70000e-01
6.15756e+02	6.39101e-02	6.70000e-01
6.19248e+02	6.43218e-02	6.70000e-01
6.22790e+02	6.47336e-02	6.70000e-01
6.26180e+02	6.51453e-02	6.70000e-01
6.29519e+02	6.55571e-02	6.70000e-01
6.32930e+02	6.59689e-02	6.70000e-01
6.36354e+02	6.63806e-02	6.70000e-01
6.39714e+02	6.67924e-02	6.70000e-01
6.43033e+02	6.72041e-02	6.70000e-01
6.46435e+02	6.76159e-02	6.70000e-01
6.49835e+02	6.80276e-02	6.70000e-01
6.53133e+02	6.84394e-02	6.70000e-01
6.56324e+02	6.88511e-02	6.70000e-01
6.59578e+02	6.92629e-02	6.70000e-01
6.62851e+02	6.96746e-02	6.70000e-01
6.66159e+02	7.00864e-02	6.70000e-01
6.69406e+02	7.04981e-02	6.70000e-01
6.72688e+02	7.09099e-02	6.70000e-01
6.75991e+02	7.13217e-02	6.70000e-01
6.79045e+02	7.17334e-02	6.70000e-01
6.82120e+02	7.21452e-02	6.70000e-01
6.85237e+02	7.25569e-02	6.70000e-01
6.88368e+02	7.29687e-02	6.70000e-01
6.91436e+02	7.33804e-02	6.70000e-01
6.94508e+02	7.37922e-02	6.70000e-01
6.97622e+02	7.42039e-02	6.70000e-01
7.00777e+02	7.46157e-02	6.70000e-01
7.03963e+02	7.50274e-02	6.70000e-01
7.06851e+02	7.54392e-02	6.70000e-01
7.09717e+02	7.58509e-02	6.70000e-01
7.12602e+02	7.62627e-02	6.70000e-01
7.15569e+02	7.66745e-02	6.70000e-01
7.18622e+02	7.70862e-02	6.70000e-01
7.21517e+02	7.74980e-02	6.70000e-01
7.24432e+02	7.79097e-02	6.70000e-01
7.27364e+02	7.83215e-02	6.70000e-01
7.30319e+02	7.87332e-02	6.70000e-01
7.33262e+02	7.91450e-02	6.70000e-01
7.36283e+02	7.95567e-02	6.70000e-01
7.39333e+02	7.99685e-02	6.70000e-01
7.42400e+02	8.03802e-02	6.70000e-01
7.45453e+02	8.07920e-02	6.70000e-01
7.48567e+02	8.12037e-02	6.70000e-01
7.51579e+02	8.16155e-02	6.70000e-01
7.54369e+02	8.20273e-02	6.70000e-01
7.57120e+02	8.24390e-02	6.70000e-01
7.59865e+02	8.28508e-02	6.70000e-01
7.62565e+02	8.32625e-02	6.70000e-01
7.65514e+02	8.36743e-02	6.70000e-01
7.68406e+02	8.40860e-02	6.70000e-01
7.71303e+02	8.44978e-02	6.70000e-01
7.74193e+02	8.49095e-02	6.70000e-01
7.77030e+02	8.53213e-02	6.70000e-01
7.79958e+02	8.57330e-02	6.70000e-01
7.82737e+02	8.61448e-02	6.70000e-01
7.85491e+02	8.65565e-02	6.70000e-01
7.88205e+02	8.69683e-02	6.70000e-01
7.90908e+02	8.73801e-02	6.70000e-01
7.93641e+02	8.77918e-02	6.70000e-01
7.96412e+02	8.82036e-02	6.70000e-01
7.99118e+02	8.86153e-02	6.70000e-01
8.01730e+02	8.90271e-02	6.70000e-01
8.04318e+02	8.94388e-02	6.70000e-01
8.06922e+02	8.98506e-02	6.70000e-01
8.09530e+02	9.02623e-02	6.70000e-01
8.12084e+02	9.06741e-02	6.70000e-01
8.14616e+02	9.10858e-02	6.70000e-01
8.17062e+02	9.14976e-02	6.70000e-01
8.19515e+02	9.19093e-02	6.70000e-01
8.21977e+02	9.23211e-02	6.70000e-01
8.24547e+02	9.27329e-02	6.70000e-01
8.27387e+02	9.31446e-02	6.70000e-01
8.30453e+02	9.35564e-02	6.70000e-01
8.34224e+02	9.39681e-02	6.70000e-01
1.37192e+02	1.19236e-02	7.80000e-01
1.45347e+02	1.24409e-02	7.80000e-01
1.51720e+02	1.28526e-02	7.80000e-01
1.58304e+02	1.32644e-02	7.80000e-01
1.64409e+02	1.36540e-02	7.80000e-01
1.71464e+02	1.40879e-02	7.80000e-01
1.78015e+02	1.44996e-02	7.80000e-01
1.84713e+02	1.49114e-02	7.80000e-01
1.91282e+02	1.53231e-02	7.80000e-01
1.98127e+02	1.57349e-02	7.80000e-01
2.04904e+02	1.61466e-02	7.80000e-01
2.11717e+02	1.65584e-02	7.80000e-01
2.18380e+02	1.69702e-02	7.80000e-01
2.25156e+02	1.73819e-02	7.80000e-01
2.31890e+02	1.77937e-02	7.80000e-01
2.38701e+02	1.82054e-02	7.80000e-01
2.45479e+02	1.86172e-02	7.80000e-01
2.52350e+02	1.90289e-02	7.80000e-01
2.59050e+02	1.94407e-02	7.80000e-01
2.65976e+02	1.98524e-02	7.80000e-01
2.72912e+02	2.02642e-02	7.80000e-01
2.79849e+02	2.06759e-02	7.80000e-01
2.86768e+02	2.10877e-02	7.80000e-01
2.93630e+02	2.14994e-02	7.80000e-01
3.00365e+02	2.19112e-02	7.80000e-01
3.07256e+02	2.23230e-02	7.80000e-01
3.14104e+02	2.27338e-02	7.80000e-01
3.21012e+02	2.31465e-02	7.80000e-01
3.27713e+02	2.35458e-02	7.80000e-01
3.34739e+02	2.39700e-02	7.80000e-01
3.41322e+02	2.43680e-02	7.80000e-01
3.48592e+02	2.47935e-02	7.80000e-01
3.54930e+02	2.51693e-02	7.80000e-01
3.62476e+02	2.56170e-02	7.80000e-01
3.69343e+02	2.60287e-02	7.80000e-01
3.75971e+02	2.64405e-02	7.80000e-01
3.82148e+02	2.68233e-02	7.80000e-01
3.89521e+02	2.72640e-02	7.80000e-01
3.95756e+02	2.76430e-02	7.80000e-01
4.03296e+02	2.80875e-02	7.80000e-01
4.10087e+02	2.84993e-02	7.80000e-01
4.17058e+02	2.89110e-02	7.80000e-01
4.24019e+02	2.93228e-02	7.80000e-01
4.30662e+02	2.97345e-02	7.80000e-01
4.37513e+02	3.01463e-02	7.80000e-01
4.44425e+02	3.05580e-02	7.80000e-01
4.51188e+02	3.09698e-02	7.80000e-01
4.57943e+02	3.13815e-02	7.80000e-01
4.63799e+02	3.17587e-02	7.80000e-01
4.71071e+02	3.22050e-02	7.80000e-01
4.77408e+02	3.26006e-02	7.80000e-01
4.84469e+02	3.30286e-02	7.80000e-01
4.91017e+02	3.34378e-02	7.80000e-01
4.97821e+02	3.38521e-02	7.80000e-01
5.04497e+02	3.42638e-02	7.80000e-01
5.11219e+02	3.46756e-02	7.80000e-01
5.17728e+02	3.50873e-02	7.80000e-01
5.24437e+02	3.54991e-02	7.80000e-01
5.31139e+02	3.59108e-02	7.80000e-01
5.37679e+02	3.63226e-02	7.80000e-01
5.44083e+02	3.67343e-02	7.80000e-01
5.50735e+02	3.71461e-02	7.80000e-01
5.57249e+02	3.75578e-02	7.80000e-01
5.63841e+02	3.79696e-02	7.80000e-01
5.70367e+02	3.83813e-02	7.80000e-01
5.76915e+02	3.87931e-02	7.80000e-01
5.83481e+02	3.92049e-02	7.80000e-01
5.89962e+02	3.96166e-02	7.80000e-01
5.96329e+02	4.00284e-02	7.80000e-01
6.02770e+02	4.04401e-02	7.80000e-01
6.09250e+02	4.08519e-02	7.80000e-01
6.15639e+02	4.12636e-02	7.80000e-01
6.22060e+02	4.16754e-02	7.80000e-01
6.28464e+02	4.20871e-02	7.80000e-01
6.34875e+02	4.24989e-02	7.80000e-01
6.40712e+02	4.28817e-02	7.80000e-01
6.47696e+02	4.33224e-02	7.80000e-01
6.54157e+02	4.37341e-02	7.80000e-01
6.60480e+02	4.41459e-02	7.80000e-01
6.66817e+02	4.45577e-02	7.80000e-01
6.73129e+02	4.49694e-02	7.80000e-01
6.79372e+02	4.53812e-02	7.80000e-01
6.85627e+02	4.57929e-02	7.80000e-01
6.91897e+02	4.62047e-02	7.80000e-01
6.98180e+02	4.66164e-02	7.80000e-01
7.04321e+02	4.70282e-02	7.80000e-01
7.10483e+02	4.74399e-02	7.80000e-01
7.16718e+02	4.78517e-02	7.80000e-01
7.22364e+02	4.82270e-02	7.80000e-01
7.29157e+02	4.86752e-02	7.80000e-01
7.35356e+02	4.90869e-02	7.80000e-01
7.41564e+02	4.94987e-02	7.80000e-01
7.47704e+02	4.99105e-02	7.80000e-01
7.53897e+02	5.03222e-02	7.80000e-01
7.59955e+02	5.07340e-02	7.80000e-01
7.65917e+02	5.11457e-02	7.80000e-01
7.71998e+02	5.15575e-02	7.80000e-01
7.78213e+02	5.19692e-02	7.80000e-01
7.84537e+02	5.23810e-02	7.80000e-01
7.90407e+02	5.27831e-02	7.80000e-01
7.96449e+02	5.32045e-02	7.80000e-01
8.02515e+02	5.36162e-02	7.80000e-01
8.08533e+02	5.40280e-02	7.80000e-01
8.14534e+02	5.44397e-02	7.80000e-01
8.20542e+02	5.48515e-02	7.80000e-01
8.26593e+02	5.52633e-02	7.80000e-01
8.32615e+02	5.56750e-02	7.80000e-01
8.38584e+02	5.60868e-02	7.80000e-01
8.44569e+02	5.64985e-02	7.80000e-01
8.50535e+02	5.69103e-02	7.80000e-01
8.56578e+02	5.73220e-02	7.80000e-01
8.62586e+02	5.77338e-02	7.80000e-01
8.68387e+02	5.81455e-02	7.80000e-01
8.74224e+02	5.85573e-02	7.80000e-01
8.80139e+02	5.89690e-02	7.80000e-01
8.85668e+02	5.93454e-02	7.80000e-01
8.92263e+02	5.97925e-02	7.80000e-01
8.97961e+02	6.02043e-02	7.80000e-01
9.03685e+02	6.06161e-02	7.80000e-01
9.09546e+02	6.10278e-02	7.80000e-01
9.15519e+02	6.14396e-02	7.80000e-01
9.21555e+02	6.18513e-02	7.80000e-01
9.27409e+02	6.22631e-02	7.80000e-01
9.33191e+02	6.26748e-02	7.80000e-01
9.39065e+02	6.30866e-02	7.80000e-01
9.44919e+02	6.34983e-02	7.80000e-01
9.50825e+02	6.39101e-02	7.80000e-01
9.56735e+02	6.43218e-02	7.80000e-01
9.62491e+02	6.47336e-02	7.80000e-01
9.68192e+02	6.51453e-02	7.80000e-01
9.74020e+02	6.55571e-02	7.80000e-01
9.79714e+02	6.59689e-02	7.80000e-01
9.85519e+02	6.63806e-02	7.80000e-01
9.91339e+02	6.67924e-02	7.80000e-01
9.97200e+02	6.72041e-02	7.80000e-01
1.00310e+03	6.76159e-02	7.80000e-01
1.00886e+03	6.80276e-02	7.80000e-01
1.01460e+03	6.84394e-02	7.80000e-01
1.02039e+03	6.88511e-02	7.80000e-01
1.02615e+03	6.92629e-02	7.80000e-01
1.03189e+03	6.96746e-02	7.80000e-01
1.03768e+03	7.00864e-02	7.80000e-01
1.04349e+03	7.04981e-02	7.80000e-01
1.04897e+03	7.08939e-02	7.80000e-01
1.05503e+03	7.13217e-02	7.80000e-01
1.06077e+03	7.17334e-02	7.80000e-01
1.06657e+03	7.21452e-02	7.80000e-01
1.07228e+03	7.25569e-02	7.80000e-01
1.07795e+03	7.29687e-02	7.80000e-01
1.08366e+03	7.33804e-02	7.80000e-01
1.08938e+03	7.37922e-02	7.80000e-01
1.09523e+03	7.42039e-02	7.80000e-01
1.10097e+03	7.46157e-02	7.80000e-01
1.10667e+03	7.50274e-02	7.80000e-01
1.11233e+03	7.54392e-02	7.80000e-01
1.11790e+03	7.58509e-02	7.80000e-01
1.12376e+03	7.62627e-02	7.80000e-01
1.12966e+03	7.66745e-02	7.80000e-01
1.13562e+03	7.70862e-02	7.80000e-01
1.14138e+03	7.74980e-02	7.80000e-01
1.14716e+03	7.79097e-02	7.80000e-01
1.15298e+03	7.83215e-02	7.80000e-01
1.15842e+03	7.87332e-02	7.80000e-01
1.16393e+03	7.91450e-02	7.80000e-01
1.16941e+03	7.95567e-02	7.80000e-01
1.17537e+03	7.99685e-02	7.80000e-01
1.18132e+03	8.03802e-02	7.80000e-01
1.18729e+03	8.07920e-02	7.80000e-01
1.19378e+03	8.12037e-02	7.80000e-01
1.20021e+03	8.16155e-02	7.80000e-01
1.20646e+03	8.20273e-02	7.80000e-01
1.21228e+03	8.24189e-02	7.80000e-01
1.21861e+03	8.28508e-02	7.80000e-01
1.22492e+03	8.32625e-02	7.80000e-01
1.23133e+03	8.36743e-02	7.80000e-01
1.23773e+03	8.40860e-02	7.80000e-01
1.24399e+03	8.44978e-02	7.80000e-01
1.25024e+03	8.49095e-02	7.80000e-01
1.25658e+03	8.53213e-02	7.80000e-01
1.26299e+03	8.57330e-02	7.80000e-01
1.26950e+03	8.61448e-02	7.80000e-01
1.27601e+03	8.65565e-02	7.80000e-01
1.28235e+03	8.69683e-02	7.80000e-01
1.28872e+03	8.73801e-02	7.80000e-01
1.29524e+03	8.77918e-02	7.80000e-01
1.30191e+03	8.82036e-02	7.80000e-01
1.30865e+03	8.86153e-02	7.80000e-01
1.31541e+03	8.90271e-02	7.80000e-01
1.32222e+03	8.94388e-02	7.80000e-01
1.32897e+03	8.98506e-02	7.80000e-01
1.33544e+03	9.02623e-02	7.80000e-01
1.34187e+03	9.06741e-02	7.80000e-01
1.34836e+03	9.10643e-02	7.80000e-01
1.35594e+03	9.14976e-02	7.80000e-01
1.36317e+03	9.19093e-02	7.80000e-01
1.36994e+03	9.23211e-02	7.80000e-01
1.37685e+03	9.27329e-02	7.80000e-01
1.38386e+03	9.31446e-02	7.80000e-01
1.39098e+03	9.35564e-02	7.80000e-01
1.39817e+03	9.39681e-02	7.80000e-01
1.40516e+03	9.43799e-02	7.80000e-01
1.41189e+03	9.47916e-02	7.80000e-01
1.41870e+03	9.52034e-02	7.80000e-01
1.42703e+03	9.56151e-02	7.80000e-01
1.43544e+03	9.60269e-02	7.80000e-01
1.44362e+03	9.64225e-02	7.80000e-01
1.45266e+03	9.68504e-02	7.80000e-01
1.37192e+02	8.98386e-03	8.90000e-01
1.49376e+02	9.55858e-03	8.90000e-01
1.58312e+02	9.97034e-03	8.90000e-01
1.67081e+02	1.03821e-02	8.90000e-01
1.76114e+02	1.07938e-02	8.90000e-01
1.85218e+02	1.12056e-02	8.90000e-01
1.94230e+02	1.16174e-02	8.90000e-01
2.03519e+02	1.20291e-02	8.90000e-01
2.12842e+02	1.24409e-02	8.90000e-01
2.22068e+02	1.28526e-02	8.90000e-01
2.31314e+02	1.32644e-02	8.90000e-01
2.40727e+02	1.36761e-02	8.90000e-01
2.50183e+02	1.40879e-02	8.90000e-01
2.59465e+02	1.44996e-02	8.90000e-01
2.69086e+02	1.49114e-02	8.90000e-01
2.78724e+02	1.53231e-02	8.90000e-01
2.86887e+02	1.56755e-02	8.90000e-01
2.97749e+02	1.61466e-02	8.90000e-01
3.07311e+02	1.65584e-02	8.90000e-01
3.16861e+02	1.69702e-02	8.90000e-01
3.26497e+02	1.73819e-02	8.90000e-01
3.36118e+02	1.77937e-02	8.90000e-01
3.45767e+02	1.82054e-02	8.90000e-01
3.54930e+02	1.85909e-02	8.90000e-01
3.65326e+02	1.90289e-02	8.90000e-01
3.74821e+02	1.94407e-02	8.90000e-01
3.84191e+02	1.98524e-02	8.90000e-01
3.93837e+02	2.02642e-02	8.90000e-01
4.03659e+02	2.06759e-02	8.90000e-01
4.13475e+02	2.10877e-02	8.90000e-01
4.22974e+02	2.14843e-02	8.90000e-01
4.32857e+02	2.19112e-02	8.90000e-01
4.42585e+02	2.23230e-02	8.90000e-01
4.52317e+02	2.27347e-02	8.90000e-01
4.61743e+02	2.31465e-02	8.90000e-01
4.71231e+02	2.35582e-02	8.90000e-01
4.80728e+02	2.39700e-02	8.90000e-01
4.90431e+02	2.43817e-02	8.90000e-01
5.00054e+02	2.47935e-02	8.90000e-01
5.09610e+02	2.52052e-02	8.90000e-01
5.18234e+02	2.55714e-02	8.90000e-01
5.28750e+02	2.60287e-02	8.90000e-01
5.38235e+02	2.64405e-02	8.90000e-01
5.47865e+02	2.68522e-02	8.90000e-01
5.57224e+02	2.72640e-02	8.90000e-01
5.66760e+02	2.76758e-02	8.90000e-01
5.76385e+02	2.80875e-02	8.90000e-01
5.85745e+02	2.84993e-02	8.90000e-01
5.95206e+02	2.89110e-02	8.90000e-01
6.04614e+02	2.93228e-02	8.90000e-01
6.13495e+02	2.97133e-02	8.90000e-01
6.23350e+02	3.01463e-02	8.90000e-01
6.32731e+02	3.05580e-02	8.90000e-01
6.40712e+02	3.09021e-02	8.90000e-01
6.51542e+02	3.13815e-02	8.90000e-01
6.60912e+02	3.17933e-02	8.90000e-01
6.70337e+02	3.22050e-02	8.90000e-01
6.79485e+02	3.26168e-02	8.90000e-01
6.88717e+02	3.30286e-02	8.90000e-01
6.97965e+02	3.34403e-02	8.90000e-01
7.07118e+02	3.38521e-02	8.90000e-01
7.16345e+02	3.42638e-02	8.90000e-01
7.25522e+02	3.46756e-02	8.90000e-01
7.34660e+02	3.50873e-02	8.90000e-01
7.43964e+02	3.54991e-02	8.90000e-01
7.52984e+02	3.59108e-02	8.90000e-01
7.62052e+02	3.63226e-02	8.90000e-01
7.71442e+02	3.67343e-02	8.90000e-01
7.80306e+02	3.71461e-02	8.90000e-01
7.89462e+02	3.75578e-02	8.90000e-01
7.98586e+02	3.79696e-02	8.90000e-01
8.07570e+02	3.83813e-02	8.90000e-01
8.16730e+02	3.87931e-02	8.90000e-01
8.25624e+02	3.92049e-02	8.90000e-01
8.34673e+02	3.96166e-02	8.90000e-01
8.43734e+02	4.00284e-02	8.90000e-01
8.52707e+02	4.04401e-02	8.90000e-01
8.61652e+02	4.08519e-02	8.90000e-01
8.70577e+02	4.12636e-02	8.90000e-01
8.79695e+02	4.16754e-02	8.90000e-01
8.88425e+02	4.20871e-02	8.90000e-01
8.97311e+02	4.24989e-02	8.90000e-01
9.06392e+02	4.29106e-02	8.90000e-01
9.15177e+02	4.33224e-02	8.90000e-01
9.24092e+02	4.37341e-02	8.90000e-01
9.33019e+02	4.41459e-02	8.90000e-01
9.42008e+02	4.45577e-02	8.90000e-01
9.50775e+02	4.49694e-02	8.90000e-01
9.59609e+02	4.53812e-02	8.90000e-01
9.67320e+02	4.57409e-02	8.90000e-01
9.77207e+02	4.62047e-02	8.90000e-01
9.86107e+02	4.66164e-02	8.90000e-01
9.94537e+02	4.70129e-02	8.90000e-01
1.00388e+03	4.74399e-02	8.90000e-01
1.01267e+03	4.78517e-02	8.90000e-01
1.02153e+03	4.82634e-02	8.90000e-01
1.03031e+03	4.86752e-02	8.90000e-01
1.03909e+03	4.90869e-02	8.90000e-01
1.04783e+03	4.94987e-02	8.90000e-01
1.05667e+03	4.99105e-02	8.90000e-01
1.06534e+03	5.03222e-02	8.90000e-01
1.07411e+03	5.07340e-02	8.90000e-01
1.08299e+03	5.11457e-02	8.90000e-01
1.09173e+03	5.15575e-02	8.90000e-01
1.10042e+03	5.19692e-02	8.90000e-01
1.10919e+03	5.23810e-02	8.90000e-01
1.11701e+03	5.27431e-02	8.90000e-01
1.12675e+03	5.32045e-02	8.90000e-01
1.13567e+03	5.36162e-02	8.90000e-01
1.14423e+03	5.40178e-02	8.90000e-01
1.15315e+03	5.44397e-02	8.90000e-01
1.16193e+03	5.48515e-02	8.90000e-01
1.17090e+03	5.52633e-02	8.90000e-01
1.17947e+03	5.56750e-02	8.90000e-01
1.18841e+03	5.60868e-02	8.90000e-01
1.19716e+03	5.64985e-02	8.90000e-01
1.20593e+03	5.69103e-02	8.90000e-01
1.21478e+03	5.73220e-02	8.90000e-01
1.22377e+03	5.77338e-02	8.90000e-01
1.23240e+03	5.81455e-02	8.90000e-01
1.24126e+03	5.85573e-02	8.90000e-01
1.25012e+03	5.89690e-02	8.90000e-01
1.25908e+03	5.93808e-02	8.90000e-01
1.26671e+03	5.97414e-02	8.90000e-01
1.27682e+03	6.02043e-02	8.90000e-01
1.28572e+03	6.06161e-02	8.90000e-01
1.29393e+03	6.09910e-02	8.90000e-01
1.30368e+03	6.14396e-02	8.90000e-01
1.31273e+03	6.18513e-02	8.90000e-01
1.32114e+03	6.22407e-02	8.90000e-01
1.33064e+03	6.26748e-02	8.90000e-01
1.33969e+03	6.30866e-02	8.90000e-01
1.34836e+03	6.34740e-02	8.90000e-01
1.35791e+03	6.39101e-02	8.90000e-01
1.36674e+03	6.43218e-02	8.90000e-01
1.37558e+03	6.47200e-02	8.90000e-01
1.38517e+03	6.51453e-02	8.90000e-01
1.39417e+03	6.55571e-02	8.90000e-01
1.40280e+03	6.59475e-02	8.90000e-01
1.41267e+03	6.63806e-02	8.90000e-01
1.42192e+03	6.67924e-02	8.90000e-01
1.43001e+03	6.71537e-02	8.90000e-01
1.44019e+03	6.76159e-02	8.90000e-01
1.44947e+03	6.80276e-02	8.90000e-01
1.45723e+03	6.83659e-02	8.90000e-01
1.46837e+03	6.88511e-02	8.90000e-01
1.47774e+03	6.92629e-02	8.90000e-01
1.48698e+03	6.96746e-02	8.90000e-01
1.49641e+03	7.00864e-02	8.90000e-01
1.50597e+03	7.04981e-02	8.90000e-01
1.51588e+03	7.09099e-02	8.90000e-01
1.52527e+03	7.13131e-02	8.90000e-01
1.53494e+03	7.17334e-02	8.90000e-01
1.54450e+03	7.21452e-02	8.90000e-01
1.55473e+03	7.25569e-02	8.90000e-01
1.56445e+03	7.29687e-02	8.90000e-01
1.57422e+03	7.33804e-02	8.90000e-01
1.58405e+03	7.37922e-02	8.90000e-01
1.59332e+03	7.41615e-02	8.90000e-01
1.60456e+03	7.46157e-02	8.90000e-01
1.61464e+03	7.50274e-02	8.90000e-01
1.62384e+03	7.54392e-02	8.90000e-01
1.63414e+03	7.58448e-02	8.90000e-01
1.64513e+03	7.62627e-02	8.90000e-01
1.65510e+03	7.66745e-02	8.90000e-01
1.66494e+03	7.70862e-02	8.90000e-01
1.67497e+03	7.74874e-02	8.90000e-01
1.68427e+03	7.79097e-02	8.90000e-01
1.69330e+03	7.83215e-02	8.90000e-01
1.70559e+03	7.87332e-02	8.90000e-01
1.71580e+03	7.90542e-02	8.90000e-01
1.72940e+03	7.95567e-02	8.90000e-01
1.73998e+03	7.99685e-02	8.90000e-01
1.75102e+03	8.03802e-02	8.90000e-01
1.76209e+03	8.07920e-02	8.90000e-01
1.77322e+03	8.12037e-02	8.90000e-01
1.78384e+03	8.15966e-02	8.90000e-01
1.79545e+03	8.20273e-02	8.90000e-01
1.80690e+03	8.24390e-02	8.90000e-01
1.81864e+03	8.28508e-02	8.90000e-01
1.83068e+03	8.32625e-02	8.90000e-01
1.84253e+03	8.36743e-02	8.90000e-01
1.85188e+03	8.39960e-02	8.90000e-01
1.86549e+03	8.44515e-02	8.90000e-01
1.87910e+03	8.48878e-02	8.90000e-01
1.89216e+03	8.53213e-02	8.90000e-01
1.90489e+03	8.57330e-02	8.90000e-01
1.91816e+03	8.61448e-02	8.90000e-01
1.93110e+03	8.65565e-02	8.90000e-01
1.94432e+03	8.69683e-02	8.90000e-01
1.95752e+03	8.73801e-02	8.90000e-01
1.97062e+03	8.77918e-02	8.90000e-01
1.98467e+03	8.82036e-02	8.90000e-01
1.99863e+03	8.86153e-02	8.90000e-01
2.01218e+03	8.90271e-02	8.90000e-01
2.02588e+03	8.94388e-02	8.90000e-01
2.04028e+03	8.98506e-02	8.90000e-01
2.05449e+03	9.02623e-02	8.90000e-01
2.06875e+03	9.06741e-02	8.90000e-01
2.08323e+03	9.10830e-02	8.90000e-01
2.09684e+03	9.14665e-02	8.90000e-01
2.11045e+03	9.18240e-02	8.90000e-01
2.12405e+03	9.22068e-02	8.90000e-01
2.13766e+03	9.25898e-02	8.90000e-01
2.15127e+03	9.29370e-02	8.90000e-01
2.16488e+03	9.32801e-02	8.90000e-01
2.17506e+03	9.35564e-02	8.90000e-01
2.19018e+03	9.39681e-02	8.90000e-01
2.20571e+03	9.43543e-02	8.90000e-01
2.21932e+03	9.47097e-02	8.90000e-01
2.23292e+03	9.50606e-02	8.90000e-01
2.24653e+03	9.53926e-02	8.90000e-01
2.26014e+03	9.57328e-02	8.90000e-01
2.27225e+03	9.60269e-02	8.90000e-01
2.28736e+03	9.63894e-02	8.90000e-01
2.30097e+03	9.67186e-02	8.90000e-01
2.31458e+03	9.70494e-02	8.90000e-01
2.32818e+03	9.73695e-02	8.90000e-01
2.34086e+03	9.76739e-02	8.90000e-01
2.35540e+03	9.80208e-02	8.90000e-01
2.36901e+03	9.83368e-02	8.90000e-01
2.38262e+03	9.86460e-02	8.90000e-01
2.39459e+03	9.89092e-02	8.90000e-01
2.40984e+03	9.92409e-02	8.90000e-01
2.42344e+03	9.95499e-02	8.90000e-01
2.43705e+03	9.98435e-02	8.90000e-01
2.45028e+03	1.00144e-01	8.90000e-01
2.46427e+03	1.00451e-01	8.90000e-01
2.47788e+03	1.00749e-01	8.90000e-01
2.49149e+03	1.01048e-01	8.90000e-01
2.50510e+03	1.01346e-01	8.90000e-01
2.51871e+03	1.01643e-01	8.90000e-01
2.53231e+03	1.01913e-01	8.90000e-01
2.54592e+03	1.02130e-01	8.90000e-01
2.55953e+03	1.02405e-01	8.90000e-01
2.57314e+03	1.02705e-01	8.90000e-01
2.58675e+03	1.03006e-01	8.90000e-01
2.60036e+03	1.03288e-01	8.90000e-01
1.37192e+02	6.59546e-03	1.03000e+00
1.50801e+02	7.06041e-03	1.03000e+00
1.63830e+02	7.49981e-03	1.03000e+00
1.76252e+02	7.91157e-03	1.03000e+00
1.88850e+02	8.32332e-03	1.03000e+00
2.01511e+02	8.73508e-03	1.03000e+00
2.14365e+02	9.14683e-03	1.03000e+00
2.27315e+02	9.55858e-03	1.03000e+00
2.40384e+02	9.97034e-03	1.03000e+00
2.53585e+02	1.03821e-02	1.03000e+00
2.66839e+02	1.07938e-02	1.03000e+00
2.80145e+02	1.12056e-02	1.03000e+00
2.93561e+02	1.16174e-02	1.03000e+00
3.07055e+02	1.20291e-02	1.03000e+00
3.20565e+02	1.24409e-02	1.03000e+00
3.34157e+02	1.28526e-02	1.03000e+00
3.47809e+02	1.32644e-02	1.03000e+00
3.61437e+02	1.36761e-02	1.03000e+00
3.75110e+02	1.40879e-02	1.03000e+00
3.88782e+02	1.44996e-02	1.03000e+00
4.02499e+02	1.49114e-02	1.03000e+00
4.16234e+02	1.53231e-02	1.03000e+00
4.29939e+02	1.57349e-02	1.03000e+00
4.43687e+02	1.61466e-02	1.03000e+00
4.57441e+02	1.65584e-02	1.03000e+00
4.71168e+02	1.69702e-02	1.03000e+00
4.84888e+02	1.73819e-02	1.03000e+00
4.98591e+02	1.77937e-02	1.03000e+00
5.12295e+02	1.82054e-02	1.03000e+00
5.25962e+02	1.86172e-02	1.03000e+00
5.39626e+02	1.90289e-02	1.03000e+00
5.53242e+02	1.94407e-02	1.03000e+00
5.66863e+02	1.98524e-02	1.03000e+00
5.80496e+02	2.02642e-02	1.03000e+00
5.94074e+02	2.06759e-02	1.03000e+00
6.07676e+02	2.10877e-02	1.03000e+00
6.21214e+02	2.14994e-02	1.03000e+00
6.34707e+02	2.19112e-02	1.03000e+00
6.48192e+02	2.23230e-02	1.03000e+00
6.61683e+02	2.27347e-02	1.03000e+00
6.75106e+02	2.31465e-02	1.03000e+00
6.88516e+02	2.35582e-02	1.03000e+00
7.01910e+02	2.39700e-02	1.03000e+00
7.15234e+02	2.43817e-02	1.03000e+00
7.28544e+02	2.47935e-02	1.03000e+00
7.41851e+02	2.52052e-02	1.03000e+00
7.55088e+02	2.56170e-02	1.03000e+00
7.68261e+02	2.60287e-02	1.03000e+00
7.81439e+02	2.64405e-02	1.03000e+00
7.94627e+02	2.68522e-02	1.03000e+00
8.07757e+02	2.72640e-02	1.03000e+00
8.17624e+02	2.75738e-02	1.03000e+00
8.31233e+02	2.80021e-02	1.03000e+00
8.44842e+02	2.84309e-02	1.03000e+00
8.58450e+02	2.88622e-02	1.03000e+00
8.72059e+02	2.92942e-02	1.03000e+00
8.85668e+02	2.97289e-02	1.03000e+00
8.98756e+02	3.01463e-02	1.03000e+00
9.11689e+02	3.05580e-02	1.03000e+00
9.24575e+02	3.09698e-02	1.03000e+00
9.37462e+02	3.13815e-02	1.03000e+00
9.50184e+02	3.17933e-02	1.03000e+00
9.62949e+02	3.22050e-02	1.03000e+00
9.75665e+02	3.26168e-02	1.03000e+00
9.88443e+02	3.30286e-02	1.03000e+00
1.00115e+03	3.34403e-02	1.03000e+00
1.01380e+03	3.38521e-02	1.03000e+00
1.02645e+03	3.42638e-02	1.03000e+00
1.03911e+03	3.46756e-02	1.03000e+00
1.04897e+03	3.49972e-02	1.03000e+00
1.06258e+03	3.54428e-02	1.03000e+00
1.07619e+03	3.58903e-02	1.03000e+00
1.08941e+03	3.63226e-02	1.03000e+00
1.10199e+03	3.67343e-02	1.03000e+00
1.11449e+03	3.71461e-02	1.03000e+00
1.12695e+03	3.75578e-02	1.03000e+00
1.13943e+03	3.79696e-02	1.03000e+00
1.15192e+03	3.83813e-02	1.03000e+00
1.16431e+03	3.87931e-02	1.03000e+00
1.17675e+03	3.92049e-02	1.03000e+00
1.18922e+03	3.96166e-02	1.03000e+00
1.19867e+03	3.99302e-02	1.03000e+00
1.21228e+03	4.03833e-02	1.03000e+00
1.22588e+03	4.08353e-02	1.03000e+00
1.23883e+03	4.12636e-02	1.03000e+00
1.25117e+03	4.16754e-02	1.03000e+00
1.26349e+03	4.20871e-02	1.03000e+00
1.27589e+03	4.24989e-02	1.03000e+00
1.28828e+03	4.29106e-02	1.03000e+00
1.30057e+03	4.33224e-02	1.03000e+00
1.31288e+03	4.37341e-02	1.03000e+00
1.32530e+03	4.41459e-02	1.03000e+00
1.33475e+03	4.44674e-02	1.03000e+00
1.34836e+03	4.49198e-02	1.03000e+00
1.36197e+03	4.53711e-02	1.03000e+00
1.37463e+03	4.57929e-02	1.03000e+00
1.38694e+03	4.62047e-02	1.03000e+00
1.39930e+03	4.66164e-02	1.03000e+00
1.41164e+03	4.70282e-02	1.03000e+00
1.42392e+03	4.74399e-02	1.03000e+00
1.43632e+03	4.78517e-02	1.03000e+00
1.44864e+03	4.82634e-02	1.03000e+00
1.46109e+03	4.86752e-02	1.03000e+00
1.47084e+03	4.89887e-02	1.03000e+00
1.48445e+03	4.94495e-02	1.03000e+00
1.49797e+03	4.99105e-02	1.03000e+00
1.51112e+03	5.03222e-02	1.03000e+00
1.52364e+03	5.07340e-02	1.03000e+00
1.53601e+03	5.11457e-02	1.03000e+00
1.54906e+03	5.15575e-02	1.03000e+00
1.56106e+03	5.19692e-02	1.03000e+00
1.57286e+03	5.23810e-02	1.03000e+00
1.58687e+03	5.27927e-02	1.03000e+00
1.60007e+03	5.32045e-02	1.03000e+00
1.61287e+03	5.36162e-02	1.03000e+00
1.62455e+03	5.40280e-02	1.03000e+00
1.63414e+03	5.44021e-02	1.03000e+00
1.64690e+03	5.48515e-02	1.03000e+00
1.66136e+03	5.52173e-02	1.03000e+00
1.67497e+03	5.56064e-02	1.03000e+00
1.68858e+03	5.60432e-02	1.03000e+00
1.70219e+03	5.64747e-02	1.03000e+00
1.71580e+03	5.69024e-02	1.03000e+00
1.72905e+03	5.73220e-02	1.03000e+00
1.74239e+03	5.77338e-02	1.03000e+00
1.75539e+03	5.81455e-02	1.03000e+00
1.76860e+03	5.85573e-02	1.03000e+00
1.78180e+03	5.89690e-02	1.03000e+00
1.79505e+03	5.93808e-02	1.03000e+00
1.80859e+03	5.97925e-02	1.03000e+00
1.82218e+03	6.02043e-02	1.03000e+00
1.83550e+03	6.06161e-02	1.03000e+00
1.84911e+03	6.10278e-02	1.03000e+00
1.86260e+03	6.14396e-02	1.03000e+00
1.87631e+03	6.18513e-02	1.03000e+00
1.89012e+03	6.22631e-02	1.03000e+00
1.90386e+03	6.26748e-02	1.03000e+00
1.91774e+03	6.30866e-02	1.03000e+00
1.93182e+03	6.34983e-02	1.03000e+00
1.94568e+03	6.39101e-02	1.03000e+00
1.95975e+03	6.43218e-02	1.03000e+00
1.97398e+03	6.47336e-02	1.03000e+00
1.98797e+03	6.51415e-02	1.03000e+00
2.00158e+03	6.55340e-02	1.03000e+00
2.01519e+03	6.59215e-02	1.03000e+00
2.02879e+03	6.63095e-02	1.03000e+00
2.04240e+03	6.66963e-02	1.03000e+00
2.05601e+03	6.70776e-02	1.03000e+00
2.06962e+03	6.74622e-02	1.03000e+00
2.08323e+03	6.78430e-02	1.03000e+00
2.09684e+03	6.82189e-02	1.03000e+00
2.11045e+03	6.85978e-02	1.03000e+00
2.12405e+03	6.89700e-02	1.03000e+00
2.13487e+03	6.92629e-02	1.03000e+00
2.15002e+03	6.96746e-02	1.03000e+00
2.16488e+03	7.00750e-02	1.03000e+00
2.17849e+03	7.04412e-02	1.03000e+00
2.19210e+03	7.08069e-02	1.03000e+00
2.20571e+03	7.11701e-02	1.03000e+00
2.21932e+03	7.15296e-02	1.03000e+00
2.23292e+03	7.18885e-02	1.03000e+00
2.24653e+03	7.22417e-02	1.03000e+00
2.25867e+03	7.25569e-02	1.03000e+00
2.27375e+03	7.29479e-02	1.03000e+00
2.28736e+03	7.32971e-02	1.03000e+00
2.30097e+03	7.36448e-02	1.03000e+00
2.31458e+03	7.39907e-02	1.03000e+00
2.32818e+03	7.43322e-02	1.03000e+00
2.33953e+03	7.46157e-02	1.03000e+00
2.35540e+03	7.50127e-02	1.03000e+00
2.36901e+03	7.53497e-02	1.03000e+00
2.38262e+03	7.56895e-02	1.03000e+00
2.39623e+03	7.60256e-02	1.03000e+00
2.40984e+03	7.63557e-02	1.03000e+00
2.42290e+03	7.66745e-02	1.03000e+00
2.43705e+03	7.70168e-02	1.03000e+00
2.45066e+03	7.73403e-02	1.03000e+00
2.46427e+03	7.76676e-02	1.03000e+00
2.47788e+03	7.79926e-02	1.03000e+00
2.49149e+03	7.83166e-02	1.03000e+00
2.50510e+03	7.86361e-02	1.03000e+00
2.51871e+03	7.89558e-02	1.03000e+00
2.53231e+03	7.92734e-02	1.03000e+00
2.54463e+03	7.95567e-02	1.03000e+00
2.55953e+03	7.99020e-02	1.03000e+00
2.57314e+03	8.02143e-02	1.03000e+00
2.58675e+03	8.05238e-02	1.03000e+00
2.59848e+03	8.07920e-02	1.03000e+00
2.61397e+03	8.11408e-02	1.03000e+00
2.62757e+03	8.14531e-02	1.03000e+00
2.64118e+03	8.17660e-02	1.03000e+00
2.65345e+03	8.20273e-02	1.03000e+00
2.66840e+03	8.23532e-02	1.03000e+00
2.68201e+03	8.26547e-02	1.03000e+00
2.69562e+03	8.29552e-02	1.03000e+00
2.70923e+03	8.32521e-02	1.03000e+00
2.72284e+03	8.35713e-02	1.03000e+00
2.73644e+03	8.38890e-02	1.03000e+00
2.75005e+03	8.41628e-02	1.03000e+00
2.76366e+03	8.44565e-02	1.03000e+00
2.77727e+03	8.47250e-02	1.03000e+00
2.79088e+03	8.50030e-02	1.03000e+00
2.80449e+03	8.52917e-02	1.03000e+00
2.81810e+03	8.55920e-02	1.03000e+00
2.83170e+03	8.59193e-02	1.03000e+00
2.84531e+03	8.62246e-02	1.03000e+00
2.85892e+03	8.65089e-02	1.03000e+00
2.87253e+03	8.67953e-02	1.03000e+00
2.88614e+03	8.70798e-02	1.03000e+00
2.89975e+03	8.73408e-02	1.03000e+00
2.91336e+03	8.75655e-02	1.03000e+00
2.92696e+03	8.78588e-02	1.03000e+00
2.94057e+03	8.81469e-02	1.03000e+00
2.95418e+03	8.83939e-02	1.03000e+00
2.96779e+03	8.87242e-02	1.03000e+00
2.98140e+03	8.90031e-02	1.03000e+00
2.99501e+03	8.92455e-02	1.03000e+00
3.00862e+03	8.95149e-02	1.03000e+00
3.02223e+03	8.97423e-02	1.03000e+00
3.03583e+03	9.00097e-02	1.03000e+00
3.04944e+03	9.03303e-02	1.03000e+00
3.06305e+03	9.05712e-02	1.03000e+00
3.07666e+03	9.07996e-02	1.03000e+00
3.09027e+03	9.10676e-02	1.03000e+00
3.10388e+03	9.13974e-02	1.03000e+00
3.11749e+03	9.17299e-02	1.03000e+00
3.13109e+03	9.20099e-02	1.03000e+00
3.14470e+03	9.22347e-02	1.03000e+00
3.15831e+03	9.24557e-02	1.03000e+00
3.17032e+03	9.27329e-02	1.03000e+00
3.18553e+03	9.30077e-02	1.03000e+00
3.19914e+03	9.32495e-02	1.03000e+00
3.21275e+03	9.35063e-02	1.03000e+00
3.22636e+03	9.37864e-02	1.03000e+00
3.23996e+03	9.41069e-02	1.03000e+00
3.25357e+03	9.43649e-02	1.03000e+00
3.26718e+03	9.46237e-02	1.03000e+00
3.28079e+03	9.48813e-02	1.03000e+00
3.29440e+03	9.51399e-02	1.03000e+00
3.30801e+03	9.53940e-02	1.03000e+00
3.31979e+03	9.56151e-02	1.03000e+00
3.33522e+03	9.59042e-02	1.03000e+00
3.34883e+03	9.61581e-02	1.03000e+00
3.36244e+03	9.64130e-02	1.03000e+00
3.37605e+03	9.66654e-02	1.03000e+00
3.38966e+03	9.69150e-02	1.03000e+00
3.40327e+03	9.70571e-02	1.03000e+00
3.41513e+03	9.72621e-02	1.03000e+00
3.43048e+03	9.75792e-02	1.03000e+00
3.44409e+03	9.79183e-02	1.03000e+00
3.45770e+03	9.81664e-02	1.03000e+00
3.47131e+03	9.84166e-02	1.03000e+00
3.48492e+03	9.86638e-02	1.03000e+00
3.49849e+03	9.89092e-02	1.03000e+00
3.51214e+03	9.91584e-02	1.03000e+00
3.52575e+03	9.94054e-02	1.03000e+00
3.53935e+03	9.96514e-02	1.03000e+00
3.55296e+03	9.98954e-02	1.03000e+00
3.56657e+03	1.00141e-01	1.03000e+00
3.58018e+03	1.00385e-01	1.03000e+00
3.59379e+03	1.00627e-01	1.03000e+00
3.60740e+03	1.00871e-01	1.03000e+00
3.62101e+03	1.01113e-01	1.03000e+00
3.63461e+03	1.01355e-01	1.03000e+00
3.64822e+03	1.01568e-01	1.03000e+00
3.66183e+03	1.01770e-01	1.03000e+00
3.67544e+03	1.01968e-01	1.03000e+00
3.68785e+03	1.02203e-01	1.03000e+00
1.37192e+02	4.80951e-03	1.20000e+00
1.50801e+02	5.14472e-03	1.20000e+00
1.63220e+02	5.44105e-03	1.20000e+00
1.78018e+02	5.79778e-03	1.20000e+00
1.91627e+02	6.11981e-03	1.20000e+00
2.05235e+02	6.43379e-03	1.20000e+00
2.18844e+02	6.74221e-03	1.20000e+00
2.32452e+02	7.05103e-03	1.20000e+00
2.46061e+02	7.35660e-03	1.20000e+00
2.59670e+02	7.65984e-03	1.20000e+00
2.71232e+02	7.91157e-03	1.20000e+00
2.86887e+02	8.25770e-03	1.20000e+00
3.00496e+02	8.55447e-03	1.20000e+00
3.14104e+02	8.84998e-03	1.20000e+00
3.27713e+02	9.13966e-03	1.20000e+00
3.41322e+02	9.43492e-03	1.20000e+00
3.54930e+02	9.72554e-03	1.20000e+00
3.66468e+02	9.97034e-03	1.20000e+00
3.82148e+02	1.03046e-02	1.20000e+00
3.95756e+02	1.05983e-02	1.20000e+00
4.09365e+02	1.08838e-02	1.20000e+00
4.22974e+02	1.11710e-02	1.20000e+00
4.36582e+02	1.14619e-02	1.20000e+00
4.50191e+02	1.17488e-02	1.20000e+00
4.63585e+02	1.20291e-02	1.20000e+00
4.77408e+02	1.23240e-02	1.20000e+00
4.91017e+02	1.26135e-02	1.20000e+00
5.02473e+02	1.28526e-02	1.20000e+00
5.18234e+02	1.31863e-02	1.20000e+00
5.31843e+02	1.34786e-02	1.20000e+00
5.45451e+02	1.37658e-02	1.20000e+00
5.59060e+02	1.40532e-02	1.20000e+00
5.72669e+02	1.43449e-02	1.20000e+00
5.86277e+02	1.46350e-02	1.20000e+00
5.99404e+02	1.49114e-02	1.20000e+00
6.13495e+02	1.52130e-02	1.20000e+00
6.27103e+02	1.55067e-02	1.20000e+00
6.40712e+02	1.57967e-02	1.20000e+00
6.54321e+02	1.60864e-02	1.20000e+00
6.67929e+02	1.63819e-02	1.20000e+00
6.81538e+02	1.66752e-02	1.20000e+00
6.95147e+02	1.69660e-02	1.20000e+00
7.08755e+02	1.72621e-02	1.20000e+00
7.22364e+02	1.75595e-02	1.20000e+00
7.35972e+02	1.78537e-02	1.20000e+00
7.49581e+02	1.81487e-02	1.20000e+00
7.63190e+02	1.84495e-02	1.20000e+00
7.76798e+02	1.87488e-02	1.20000e+00
7.89676e+02	1.90289e-02	1.20000e+00
8.04016e+02	1.93456e-02	1.20000e+00
8.17624e+02	1.96496e-02	1.20000e+00
8.31233e+02	1.99507e-02	1.20000e+00
8.44842e+02	2.02510e-02	1.20000e+00
8.58450e+02	2.05550e-02	1.20000e+00
8.72059e+02	2.08612e-02	1.20000e+00
8.85668e+02	2.11656e-02	1.20000e+00
8.99276e+02	2.14698e-02	1.20000e+00
9.12885e+02	2.17786e-02	1.20000e+00
9.26494e+02	2.20875e-02	1.20000e+00
9.40102e+02	2.23965e-02	1.20000e+00
9.53711e+02	2.27020e-02	1.20000e+00
9.67320e+02	2.30153e-02	1.20000e+00
9.80928e+02	2.33287e-02	1.20000e+00
9.94537e+02	2.36399e-02	1.20000e+00
1.00815e+03	2.39506e-02	1.20000e+00
1.02175e+03	2.42663e-02	1.20000e+00
1.03536e+03	2.45841e-02	1.20000e+00
1.04897e+03	2.48993e-02	1.20000e+00
1.06222e+03	2.52052e-02	1.20000e+00
1.07619e+03	2.55314e-02	1.20000e+00
1.08980e+03	2.58527e-02	1.20000e+00
1.10341e+03	2.61736e-02	1.20000e+00
1.11481e+03	2.64405e-02	1.20000e+00
1.13062e+03	2.68126e-02	1.20000e+00
1.14423e+03	2.71359e-02	1.20000e+00
1.15784e+03	2.74612e-02	1.20000e+00
1.17145e+03	2.77872e-02	1.20000e+00
1.18415e+03	2.80875e-02	1.20000e+00
1.19867e+03	2.84341e-02	1.20000e+00
1.21228e+03	2.87626e-02	1.20000e+00
1.22588e+03	2.90916e-02	1.20000e+00
1.23949e+03	2.94203e-02	1.20000e+00
1.25259e+03	2.97345e-02	1.20000e+00
1.26671e+03	3.00775e-02	1.20000e+00
1.28032e+03	3.04094e-02	1.20000e+00
1.29393e+03	3.07419e-02	1.20000e+00
1.30754e+03	3.10746e-02	1.20000e+00
1.32012e+03	3.13815e-02	1.20000e+00
1.33475e+03	3.17429e-02	1.20000e+00
1.34836e+03	3.20779e-02	1.20000e+00
1.36197e+03	3.24129e-02	1.20000e+00
1.37558e+03	3.27486e-02	1.20000e+00
1.38692e+03	3.30286e-02	1.20000e+00
1.40280e+03	3.34217e-02	1.20000e+00
1.41640e+03	3.37636e-02	1.20000e+00
1.43001e+03	3.41028e-02	1.20000e+00
1.44362e+03	3.44373e-02	1.20000e+00
1.45723e+03	3.47656e-02	1.20000e+00
1.47015e+03	3.50873e-02	1.20000e+00
1.48445e+03	3.54409e-02	1.20000e+00
1.49806e+03	3.57809e-02	1.20000e+00
1.51167e+03	3.61279e-02	1.20000e+00
1.52527e+03	3.64896e-02	1.20000e+00
1.53888e+03	3.68267e-02	1.20000e+00
1.55199e+03	3.71461e-02	1.20000e+00
1.56610e+03	3.75338e-02	1.20000e+00
1.57971e+03	3.78415e-02	1.20000e+00
1.59332e+03	3.81696e-02	1.20000e+00
1.60693e+03	3.85101e-02	1.20000e+00
1.61815e+03	3.87931e-02	1.20000e+00
1.63414e+03	3.92039e-02	1.20000e+00
1.64775e+03	3.95667e-02	1.20000e+00
1.66136e+03	3.99617e-02	1.20000e+00
1.67497e+03	4.02423e-02	1.20000e+00
1.68858e+03	4.06064e-02	1.20000e+00
1.70219e+03	4.09939e-02	1.20000e+00
1.71580e+03	4.12627e-02	1.20000e+00
1.72940e+03	4.15892e-02	1.20000e+00
1.74301e+03	4.19319e-02	1.20000e+00
1.75662e+03	4.22782e-02	1.20000e+00
1.77023e+03	4.26202e-02	1.20000e+00
1.78194e+03	4.29106e-02	1.20000e+00
1.79745e+03	4.32960e-02	1.20000e+00
1.81106e+03	4.36373e-02	1.20000e+00
1.82466e+03	4.39775e-02	1.20000e+00
1.83827e+03	4.43190e-02	1.20000e+00
1.85188e+03	4.46602e-02	1.20000e+00
1.86433e+03	4.49694e-02	1.20000e+00
1.87910e+03	4.53363e-02	1.20000e+00
1.89271e+03	4.56752e-02	1.20000e+00
1.90632e+03	4.60128e-02	1.20000e+00
1.91992e+03	4.63504e-02	1.20000e+00
1.93064e+03	4.66164e-02	1.20000e+00
1.94714e+03	4.70234e-02	1.20000e+00
1.96075e+03	4.73593e-02	1.20000e+00
1.97436e+03	4.76966e-02	1.20000e+00
1.98797e+03	4.80319e-02	1.20000e+00
2.00158e+03	4.83658e-02	1.20000e+00
2.01424e+03	4.86752e-02	1.20000e+00
2.02879e+03	4.90309e-02	1.20000e+00
2.04240e+03	4.93638e-02	1.20000e+00
2.05601e+03	4.96962e-02	1.20000e+00
2.06962e+03	5.00264e-02	1.20000e+00
2.08189e+03	5.03222e-02	1.20000e+00
2.09684e+03	5.06864e-02	1.20000e+00
2.11045e+03	5.10143e-02	1.20000e+00
2.12405e+03	5.13427e-02	1.20000e+00
2.13766e+03	5.16690e-02	1.20000e+00
2.15027e+03	5.19692e-02	1.20000e+00
2.16488e+03	5.23185e-02	1.20000e+00
2.17849e+03	5.26435e-02	1.20000e+00
2.19210e+03	5.29692e-02	1.20000e+00
2.20571e+03	5.32944e-02	1.20000e+00
2.21932e+03	5.36157e-02	1.20000e+00
2.23292e+03	5.39361e-02	1.20000e+00
2.24653e+03	5.42560e-02	1.20000e+00
2.26014e+03	5.45752e-02	1.20000e+00
2.27200e+03	5.48515e-02	1.20000e+00
2.28736e+03	5.52125e-02	1.20000e+00
2.30097e+03	5.55283e-02	1.20000e+00
2.31458e+03	5.58443e-02	1.20000e+00
2.32818e+03	5.61578e-02	1.20000e+00
2.34179e+03	5.64693e-02	1.20000e+00
2.35540e+03	5.67824e-02	1.20000e+00
2.36901e+03	5.70965e-02	1.20000e+00
2.38262e+03	5.74077e-02	1.20000e+00
2.39623e+03	5.77158e-02	1.20000e+00
2.40984e+03	5.80263e-02	1.20000e+00
2.42344e+03	5.83353e-02	1.20000e+00
2.43705e+03	5.86402e-02	1.20000e+00
2.45066e+03	5.89445e-02	1.20000e+00
2.46427e+03	5.92511e-02	1.20000e+00
2.47788e+03	5.95562e-02	1.20000e+00
2.49149e+03	5.98595e-02	1.20000e+00
2.50510e+03	6.01617e-02	1.20000e+00
2.51871e+03	6.04628e-02	1.20000e+00
2.53231e+03	6.07640e-02	1.20000e+00
2.54429e+03	6.10278e-02	1.20000e+00
2.55953e+03	6.13611e-02	1.20000e+00
2.57314e+03	6.16589e-02	1.20000e+00
2.58675e+03	6.19564e-02	1.20000e+00
2.60036e+03	6.22507e-02	1.20000e+00
2.61397e+03	6.25448e-02	1.20000e+00
2.62757e+03	6.28381e-02	1.20000e+00
2.63917e+03	6.30866e-02	1.20000e+00
2.65479e+03	6.34204e-02	1.20000e+00
2.66840e+03	6.37120e-02	1.20000e+00
2.68201e+03	6.40050e-02	1.20000e+00
2.69562e+03	6.42934e-02	1.20000e+00
2.70923e+03	6.45820e-02	1.20000e+00
2.72284e+03	6.48690e-02	1.20000e+00
2.73574e+03	6.51453e-02	1.20000e+00
2.75005e+03	6.54604e-02	1.20000e+00
2.76366e+03	6.57491e-02	1.20000e+00
2.77727e+03	6.60306e-02	1.20000e+00
2.79088e+03	6.63156e-02	1.20000e+00
2.80449e+03	6.65889e-02	1.20000e+00
2.81810e+03	6.68535e-02	1.20000e+00
2.83170e+03	6.71341e-02	1.20000e+00
2.84531e+03	6.74204e-02	1.20000e+00
2.85892e+03	6.77194e-02	1.20000e+00
2.87253e+03	6.79925e-02	1.20000e+00
2.88614e+03	6.82495e-02	1.20000e+00
2.89975e+03	6.85242e-02	1.20000e+00
2.91336e+03	6.87999e-02	1.20000e+00
2.92696e+03	6.90958e-02	1.20000e+00
2.94057e+03	6.93710e-02	1.20000e+00
2.95418e+03	6.96193e-02	1.20000e+00
2.96779e+03	6.99118e-02	1.20000e+00
2.98140e+03	7.02092e-02	1.20000e+00
2.99501e+03	7.04743e-02	1.20000e+00
3.00862e+03	7.07356e-02	1.20000e+00
3.02223e+03	7.09810e-02	1.20000e+00
3.03583e+03	7.12327e-02	1.20000e+00
3.04944e+03	7.15059e-02	1.20000e+00
3.06305e+03	7.17978e-02	1.20000e+00
3.07666e+03	7.20954e-02	1.20000e+00
3.09027e+03	7.23620e-02	1.20000e+00
3.10388e+03	7.26201e-02	1.20000e+00
3.11749e+03	7.28895e-02	1.20000e+00
3.13109e+03	7.31364e-02	1.20000e+00
3.14470e+03	7.33582e-02	1.20000e+00
3.15831e+03	7.36609e-02	1.20000e+00
3.17192e+03	7.39428e-02	1.20000e+00
3.18553e+03	7.41608e-02	1.20000e+00
3.19914e+03	7.44226e-02	1.20000e+00
3.21275e+03	7.47303e-02	1.20000e+00
3.22636e+03	7.49981e-02	1.20000e+00
3.23996e+03	7.52572e-02	1.20000e+00
3.25357e+03	7.55070e-02	1.20000e+00
3.26718e+03	7.57663e-02	1.20000e+00
3.28079e+03	7.60252e-02	1.20000e+00
3.29280e+03	7.62627e-02	1.20000e+00
3.30801e+03	7.65497e-02	1.20000e+00
3.32162e+03	7.68061e-02	1.20000e+00
3.33522e+03	7.70595e-02	1.20000e+00
3.34883e+03	7.73153e-02	1.20000e+00
3.36244e+03	7.75575e-02	1.20000e+00
3.37605e+03	7.77485e-02	1.20000e+00
3.38966e+03	7.79983e-02	1.20000e+00
3.40327e+03	7.83128e-02	1.20000e+00
3.41688e+03	7.85724e-02	1.20000e+00
3.43048e+03	7.88220e-02	1.20000e+00
3.44409e+03	7.90877e-02	1.20000e+00
3.45770e+03	7.93403e-02	1.20000e+00
3.47023e+03	7.95567e-02	1.20000e+00
3.48492e+03	7.98286e-02	1.20000e+00
3.49853e+03	8.00893e-02	1.20000e+00
3.51214e+03	8.03377e-02	1.20000e+00
3.52575e+03	8.05869e-02	1.20000e+00
3.53935e+03	8.08336e-02	1.20000e+00
3.55296e+03	8.10822e-02	1.20000e+00
3.56657e+03	8.13275e-02	1.20000e+00
3.58018e+03	8.15754e-02	1.20000e+00
3.59379e+03	8.18226e-02	1.20000e+00
3.60740e+03	8.20693e-02	1.20000e+00
3.62101e+03	8.23135e-02	1.20000e+00
3.63461e+03	8.25596e-02	1.20000e+00
3.64822e+03	8.28026e-02	1.20000e+00
3.66183e+03	8.30476e-02	1.20000e+00
3.67372e+03	8.32625e-02	1.20000e+00
1.37192e+02	3.35519e-03	1.43000e+00
1.50801e+02	3.59471e-03	1.43000e+00
1.63239e+02	3.79403e-03	1.43000e+00
1.78018e+02	4.04531e-03	1.43000e+00
1.91627e+02	4.26142e-03	1.43000e+00
2.05235e+02	4.48070e-03	1.43000e+00
2.18844e+02	4.69186e-03	1.43000e+00
2.32452e+02	4.90765e-03	1.43000e+00
2.46061e+02	5.11407e-03	1.43000e+00
2.59670e+02	5.32329e-03	1.43000e+00
2.73278e+02	5.52927e-03	1.43000e+00
2.86887e+02	5.73471e-03	1.43000e+00
3.00496e+02	5.93500e-03	1.43000e+00
3.14104e+02	6.13986e-03	1.43000e+00
3.27713e+02	6.33889e-03	1.43000e+00
3.41322e+02	6.53984e-03	1.43000e+00
3.54930e+02	6.73602e-03	1.43000e+00
3.68539e+02	6.93800e-03	1.43000e+00
3.82148e+02	7.13316e-03	1.43000e+00
3.95756e+02	7.33457e-03	1.43000e+00
4.09365e+02	7.52724e-03	1.43000e+00
4.22974e+02	7.72724e-03	1.43000e+00
4.36021e+02	7.91157e-03	1.43000e+00
4.50191e+02	8.11942e-03	1.43000e+00
4.63799e+02	8.31262e-03	1.43000e+00
4.77408e+02	8.51202e-03	1.43000e+00
4.91017e+02	8.70603e-03	1.43000e+00
5.04625e+02	8.90378e-03	1.43000e+00
5.18234e+02	9.09786e-03	1.43000e+00
5.31843e+02	9.29731e-03	1.43000e+00
5.45451e+02	9.49096e-03	1.43000e+00
5.59060e+02	9.69100e-03	1.43000e+00
5.72669e+02	9.88496e-03	1.43000e+00
5.86277e+02	1.00844e-02	1.43000e+00
5.99886e+02	1.02794e-02	1.43000e+00
6.13495e+02	1.04784e-02	1.43000e+00
6.27103e+02	1.06749e-02	1.43000e+00
6.40712e+02	1.08760e-02	1.43000e+00
6.54321e+02	1.10720e-02	1.43000e+00
6.67929e+02	1.12725e-02	1.43000e+00
6.81538e+02	1.14715e-02	1.43000e+00
6.95147e+02	1.16722e-02	1.43000e+00
7.08755e+02	1.18723e-02	1.43000e+00
7.22364e+02	1.20738e-02	1.43000e+00
7.35972e+02	1.22755e-02	1.43000e+00
7.49581e+02	1.24764e-02	1.43000e+00
7.63190e+02	1.26807e-02	1.43000e+00
7.76798e+02	1.28830e-02	1.43000e+00
7.90407e+02	1.30883e-02	1.43000e+00
8.04016e+02	1.32916e-02	1.43000e+00
8.17624e+02	1.34985e-02	1.43000e+00
8.31233e+02	1.37036e-02	1.43000e+00
8.44842e+02	1.39110e-02	1.43000e+00
8.58450e+02	1.41173e-02	1.43000e+00
8.72059e+02	1.43256e-02	1.43000e+00
8.85668e+02	1.45342e-02	1.43000e+00
8.99276e+02	1.47438e-02	1.43000e+00
9.12885e+02	1.49537e-02	1.43000e+00
9.26494e+02	1.51643e-02	1.43000e+00
9.40102e+02	1.53777e-02	1.43000e+00
9.53711e+02	1.55874e-02	1.43000e+00
9.67320e+02	1.58023e-02	1.43000e+00
9.80928e+02	1.60153e-02	1.43000e+00
9.94537e+02	1.62306e-02	1.43000e+00
1.00815e+03	1.64452e-02	1.43000e+00
1.02175e+03	1.66631e-02	1.43000e+00
1.03536e+03	1.68793e-02	1.43000e+00
1.04897e+03	1.70980e-02	1.43000e+00
1.06258e+03	1.73151e-02	1.43000e+00
1.07619e+03	1.75359e-02	1.43000e+00
1.08980e+03	1.77552e-02	1.43000e+00
1.10341e+03	1.79787e-02	1.43000e+00
1.11701e+03	1.81996e-02	1.43000e+00
1.13062e+03	1.84221e-02	1.43000e+00
1.14423e+03	1.86461e-02	1.43000e+00
1.15784e+03	1.88713e-02	1.43000e+00
1.17145e+03	1.90985e-02	1.43000e+00
1.18506e+03	1.93233e-02	1.43000e+00
1.19867e+03	1.95511e-02	1.43000e+00
1.21228e+03	1.97787e-02	1.43000e+00
1.22588e+03	2.00093e-02	1.43000e+00
1.23949e+03	2.02383e-02	1.43000e+00
1.25310e+03	2.04687e-02	1.43000e+00
1.26528e+03	2.06759e-02	1.43000e+00
1.28032e+03	2.09340e-02	1.43000e+00
1.29393e+03	2.11685e-02	1.43000e+00
1.30754e+03	2.14018e-02	1.43000e+00
1.32114e+03	2.16394e-02	1.43000e+00
1.33475e+03	2.18754e-02	1.43000e+00
1.34836e+03	2.21126e-02	1.43000e+00
1.36041e+03	2.23230e-02	1.43000e+00
1.37558e+03	2.25895e-02	1.43000e+00
1.38919e+03	2.28295e-02	1.43000e+00
1.40280e+03	2.30696e-02	1.43000e+00
1.41640e+03	2.33140e-02	1.43000e+00
1.43001e+03	2.35564e-02	1.43000e+00
1.44362e+03	2.37990e-02	1.43000e+00
1.45723e+03	2.40439e-02	1.43000e+00
1.47084e+03	2.42902e-02	1.43000e+00
1.48445e+03	2.45310e-02	1.43000e+00
1.49806e+03	2.47727e-02	1.43000e+00
1.51167e+03	2.50272e-02	1.43000e+00
1.52527e+03	2.52671e-02	1.43000e+00
1.53888e+03	2.55133e-02	1.43000e+00
1.55249e+03	2.57711e-02	1.43000e+00
1.56568e+03	2.60287e-02	1.43000e+00
1.57971e+03	2.62916e-02	1.43000e+00
1.59332e+03	2.65356e-02	1.43000e+00
1.60693e+03	2.67891e-02	1.43000e+00
1.62053e+03	2.70476e-02	1.43000e+00
1.63303e+03	2.72640e-02	1.43000e+00
1.64775e+03	2.75362e-02	1.43000e+00
1.66136e+03	2.77895e-02	1.43000e+00
1.67497e+03	2.80367e-02	1.43000e+00
1.68858e+03	2.83074e-02	1.43000e+00
1.70219e+03	2.85516e-02	1.43000e+00
1.71580e+03	2.88082e-02	1.43000e+00
1.72940e+03	2.90654e-02	1.43000e+00
1.74259e+03	2.93228e-02	1.43000e+00
1.75662e+03	2.96461e-02	1.43000e+00
1.77023e+03	2.98641e-02	1.43000e+00
1.78384e+03	3.01025e-02	1.43000e+00
1.79745e+03	3.03634e-02	1.43000e+00
1.81106e+03	3.06259e-02	1.43000e+00
1.82466e+03	3.08860e-02	1.43000e+00
1.83827e+03	3.11479e-02	1.43000e+00
1.85028e+03	3.13815e-02	1.43000e+00
1.86549e+03	3.16746e-02	1.43000e+00
1.87910e+03	3.19376e-02	1.43000e+00
1.89271e+03	3.22033e-02	1.43000e+00
1.90632e+03	3.24658e-02	1.43000e+00
1.91992e+03	3.27302e-02	1.43000e+00
1.93353e+03	3.29980e-02	1.43000e+00
1.94714e+03	3.32616e-02	1.43000e+00
1.96075e+03	3.35264e-02	1.43000e+00
1.97436e+03	3.37946e-02	1.43000e+00
1.98797e+03	3.40602e-02	1.43000e+00
2.00158e+03	3.43258e-02	1.43000e+00
2.01519e+03	3.45936e-02	1.43000e+00
2.02879e+03	3.48603e-02	1.43000e+00
2.04040e+03	3.50873e-02	1.43000e+00
2.05601e+03	3.53959e-02	1.43000e+00
2.06962e+03	3.56620e-02	1.43000e+00
2.08230e+03	3.59108e-02	1.43000e+00
2.09684e+03	3.62002e-02	1.43000e+00
2.11045e+03	3.64671e-02	1.43000e+00
2.12405e+03	3.67341e-02	1.43000e+00
2.13766e+03	3.70037e-02	1.43000e+00
2.15127e+03	3.72713e-02	1.43000e+00
2.16488e+03	3.75392e-02	1.43000e+00
2.17849e+03	3.78090e-02	1.43000e+00
2.19210e+03	3.80782e-02	1.43000e+00
2.20571e+03	3.83474e-02	1.43000e+00
2.21932e+03	3.86173e-02	1.43000e+00
2.23292e+03	3.88844e-02	1.43000e+00
2.24653e+03	3.91525e-02	1.43000e+00
2.26014e+03	3.94211e-02	1.43000e+00
2.27375e+03	3.96895e-02	1.43000e+00
2.28736e+03	3.99598e-02	1.43000e+00
2.30097e+03	4.02278e-02	1.43000e+00
2.31458e+03	4.04947e-02	1.43000e+00
2.32818e+03	4.07634e-02	1.43000e+00
2.34179e+03	4.10296e-02	1.43000e+00
2.35371e+03	4.12636e-02	1.43000e+00
2.36901e+03	4.15670e-02	1.43000e+00
2.38262e+03	4.18340e-02	1.43000e+00
2.39547e+03	4.20871e-02	1.43000e+00
2.40984e+03	4.23707e-02	1.43000e+00
2.42344e+03	4.26360e-02	1.43000e+00
2.43705e+03	4.29016e-02	1.43000e+00
2.45066e+03	4.31687e-02	1.43000e+00
2.46427e+03	4.34354e-02	1.43000e+00
2.47788e+03	4.37020e-02	1.43000e+00
2.49149e+03	4.39674e-02	1.43000e+00
2.50510e+03	4.42340e-02	1.43000e+00
2.51871e+03	4.44991e-02	1.43000e+00
2.53231e+03	4.47635e-02	1.43000e+00
2.54592e+03	4.50295e-02	1.43000e+00
2.55953e+03	4.52930e-02	1.43000e+00
2.57314e+03	4.55575e-02	1.43000e+00
2.58524e+03	4.57929e-02	1.43000e+00
2.60036e+03	4.60848e-02	1.43000e+00
2.61397e+03	4.63478e-02	1.43000e+00
2.62757e+03	4.66099e-02	1.43000e+00
2.64118e+03	4.68717e-02	1.43000e+00
2.65479e+03	4.71337e-02	1.43000e+00
2.66840e+03	4.73959e-02	1.43000e+00
2.68201e+03	4.76595e-02	1.43000e+00
2.69562e+03	4.79210e-02	1.43000e+00
2.70923e+03	4.81815e-02	1.43000e+00
2.72284e+03	4.84423e-02	1.43000e+00
2.73510e+03	4.86752e-02	1.43000e+00
2.75005e+03	4.89604e-02	1.43000e+00
2.76366e+03	4.92199e-02	1.43000e+00
2.77727e+03	4.94789e-02	1.43000e+00
2.79088e+03	4.97385e-02	1.43000e+00
2.80449e+03	4.99953e-02	1.43000e+00
2.81810e+03	5.02531e-02	1.43000e+00
2.83170e+03	5.05099e-02	1.43000e+00
2.84341e+03	5.07340e-02	1.43000e+00
2.85892e+03	5.10278e-02	1.43000e+00
2.87253e+03	5.12792e-02	1.43000e+00
2.88614e+03	5.15349e-02	1.43000e+00
2.89975e+03	5.17904e-02	1.43000e+00
2.91336e+03	5.20492e-02	1.43000e+00
2.92696e+03	5.23147e-02	1.43000e+00
2.94057e+03	5.25674e-02	1.43000e+00
2.95251e+03	5.27927e-02	1.43000e+00
2.96779e+03	5.30829e-02	1.43000e+00
2.98140e+03	5.33328e-02	1.43000e+00
2.99501e+03	5.35837e-02	1.43000e+00
3.00862e+03	5.38417e-02	1.43000e+00
3.02223e+03	5.40950e-02	1.43000e+00
3.03583e+03	5.43400e-02	1.43000e+00
3.04944e+03	5.45766e-02	1.43000e+00
3.06305e+03	5.48343e-02	1.43000e+00
3.07666e+03	5.50938e-02	1.43000e+00
3.09027e+03	5.53418e-02	1.43000e+00
3.10388e+03	5.55867e-02	1.43000e+00
3.11749e+03	5.58200e-02	1.43000e+00
3.13109e+03	5.60867e-02	1.43000e+00
3.14470e+03	5.63504e-02	1.43000e+00
3.15831e+03	5.65808e-02	1.43000e+00
3.17192e+03	5.68183e-02	1.43000e+00
3.18553e+03	5.70662e-02	1.43000e+00
3.19914e+03	5.73082e-02	1.43000e+00
3.21275e+03	5.75790e-02	1.43000e+00
3.22636e+03	5.78224e-02	1.43000e+00
3.23996e+03	5.80411e-02	1.43000e+00
3.25357e+03	5.83024e-02	1.43000e+00
3.26627e+03	5.85573e-02	1.43000e+00
3.28079e+03	5.88223e-02	1.43000e+00
3.29440e+03	5.90534e-02	1.43000e+00
3.30801e+03	5.92988e-02	1.43000e+00
3.32162e+03	5.95238e-02	1.43000e+00
3.33522e+03	5.97481e-02	1.43000e+00
3.34883e+03	6.00238e-02	1.43000e+00
3.36244e+03	6.02867e-02	1.43000e+00
3.37605e+03	6.05307e-02	1.43000e+00
3.38966e+03	6.07559e-02	1.43000e+00
3.40327e+03	6.09978e-02	1.43000e+00
3.41688e+03	6.12559e-02	1.43000e+00
3.43048e+03	6.14980e-02	1.43000e+00
3.44409e+03	6.17166e-02	1.43000e+00
3.45770e+03	6.19281e-02	1.43000e+00
3.47131e+03	6.21973e-02	1.43000e+00
3.48492e+03	6.24589e-02	1.43000e+00
3.49711e+03	6.26748e-02	1.43000e+00
3.51214e+03	6.29397e-02	1.43000e+00
3.52575e+03	6.31797e-02	1.43000e+00
3.53935e+03	6.34178e-02	1.43000e+00
3.55296e+03	6.36538e-02	1.43000e+00
3.56657e+03	6.38449e-02	1.43000e+00
3.58018e+03	6.40568e-02	1.43000e+00
3.59284e+03	6.43218e-02	1.43000e+00
3.60740e+03	6.46073e-02	1.43000e+00
3.62101e+03	6.48438e-02	1.43000e+00
3.63461e+03	6.50801e-02	1.43000e+00
3.64822e+03	6.53168e-02	1.43000e+00
3.66183e+03	6.55539e-02	1.43000e+00
3.67544e+03	6.57917e-02	1.43000e+00
1.37192e+02	2.23306e-03	1.75000e+00
1.50801e+02	2.39054e-03	1.75000e+00
1.64409e+02	2.53127e-03	1.75000e+00
1.78018e+02	2.68419e-03	1.75000e+00
1.91627e+02	2.83022e-03	1.75000e+00
2.05235e+02	2.96258e-03	1.75000e+00
2.18844e+02	3.11084e-03	1.75000e+00
2.32452e+02	3.25094e-03	1.75000e+00
2.46061e+02	3.37898e-03	1.75000e+00
2.59670e+02	3.52299e-03	1.75000e+00
2.73278e+02	3.65811e-03	1.75000e+00
2.86887e+02	3.78548e-03	1.75000e+00
3.00496e+02	3.92375e-03	1.75000e+00
3.14104e+02	4.05660e-03	1.75000e+00
3.27713e+02	4.18288e-03	1.75000e+00
3.41322e+02	4.31694e-03	1.75000e+00
3.54930e+02	4.44818e-03	1.75000e+00
3.68539e+02	4.57416e-03	1.75000e+00
3.82148e+02	4.70487e-03	1.75000e+00
3.95756e+02	4.83656e-03	1.75000e+00
4.09365e+02	4.96233e-03	1.75000e+00
4.22974e+02	5.08927e-03	1.75000e+00
4.36582e+02	5.22107e-03	1.75000e+00
4.50191e+02	5.34734e-03	1.75000e+00
4.63799e+02	5.47199e-03	1.75000e+00
4.77408e+02	5.60416e-03	1.75000e+00
4.91017e+02	5.73180e-03	1.75000e+00
5.04553e+02	5.85280e-03	1.75000e+00
5.18234e+02	5.98715e-03	1.75000e+00
5.31843e+02	6.11539e-03	1.75000e+00
5.45451e+02	6.23929e-03	1.75000e+00
5.59060e+02	6.37095e-03	1.75000e+00
5.72669e+02	6.50008e-03	1.75000e+00
5.86277e+02	6.62578e-03	1.75000e+00
5.99886e+02	6.75462e-03	1.75000e+00
6.13495e+02	6.88560e-03	1.75000e+00
6.27103e+02	7.01307e-03	1.75000e+00
6.40712e+02	7.14067e-03	1.75000e+00
6.54321e+02	7.27328e-03	1.75000e+00
6.67929e+02	7.40197e-03	1.75000e+00
6.81538e+02	7.52842e-03	1.75000e+00
6.95147e+02	7.66317e-03	1.75000e+00
7.08755e+02	7.79358e-03	1.75000e+00
7.22364e+02	7.92112e-03	1.75000e+00
7.35972e+02	8.05655e-03	1.75000e+00
7.49581e+02	8.18802e-03	1.75000e+00
7.63190e+02	8.31659e-03	1.75000e+00
7.76798e+02	8.45259e-03	1.75000e+00
7.90407e+02	8.58690e-03	1.75000e+00
8.04016e+02	8.71693e-03	1.75000e+00
8.17624e+02	8.85357e-03	1.75000e+00
8.31233e+02	8.99007e-03	1.75000e+00
8.44842e+02	9.12099e-03	1.75000e+00
8.58450e+02	9.25855e-03	1.75000e+00
8.72059e+02	9.39605e-03	1.75000e+00
8.85668e+02	9.52928e-03	1.75000e+00
8.99276e+02	9.66793e-03	1.75000e+00
9.12885e+02	9.80735e-03	1.75000e+00
9.26494e+02	9.94211e-03	1.75000e+00
9.40102e+02	1.00828e-02	1.75000e+00
9.53711e+02	1.02234e-02	1.75000e+00
9.67320e+02	1.03590e-02	1.75000e+00
9.80928e+02	1.05022e-02	1.75000e+00
9.94537e+02	1.06443e-02	1.75000e+00
1.00815e+03	1.07823e-02	1.75000e+00
1.02175e+03	1.09269e-02	1.75000e+00
1.03536e+03	1.10720e-02	1.75000e+00
1.04854e+03	1.12056e-02	1.75000e+00
1.06258e+03	1.13585e-02	1.75000e+00
1.07619e+03	1.15033e-02	1.75000e+00
1.08980e+03	1.16454e-02	1.75000e+00
1.10341e+03	1.17960e-02	1.75000e+00
1.11701e+03	1.19413e-02	1.75000e+00
1.13062e+03	1.20863e-02	1.75000e+00
1.14423e+03	1.22380e-02	1.75000e+00
1.15784e+03	1.23856e-02	1.75000e+00
1.17145e+03	1.25350e-02	1.75000e+00
1.18506e+03	1.26878e-02	1.75000e+00
1.19867e+03	1.28349e-02	1.75000e+00
1.21228e+03	1.29893e-02	1.75000e+00
1.22588e+03	1.31427e-02	1.75000e+00
1.23949e+03	1.32924e-02	1.75000e+00
1.25310e+03	1.34504e-02	1.75000e+00
1.26671e+03	1.36033e-02	1.75000e+00
1.28032e+03	1.37579e-02	1.75000e+00
1.29393e+03	1.39173e-02	1.75000e+00
1.30754e+03	1.40708e-02	1.75000e+00
1.32114e+03	1.42321e-02	1.75000e+00
1.33475e+03	1.43908e-02	1.75000e+00
1.34836e+03	1.45468e-02	1.75000e+00
1.36197e+03	1.47114e-02	1.75000e+00
1.37558e+03	1.48696e-02	1.75000e+00
1.38919e+03	1.50326e-02	1.75000e+00
1.40280e+03	1.51968e-02	1.75000e+00
1.41640e+03	1.53565e-02	1.75000e+00
1.43001e+03	1.55250e-02	1.75000e+00
1.44362e+03	1.56878e-02	1.75000e+00
1.45723e+03	1.58544e-02	1.75000e+00
1.47084e+03	1.60241e-02	1.75000e+00
1.48445e+03	1.61880e-02	1.75000e+00
1.49806e+03	1.63600e-02	1.75000e+00
1.51167e+03	1.65260e-02	1.75000e+00
1.52527e+03	1.66952e-02	1.75000e+00
1.53888e+03	1.68695e-02	1.75000e+00
1.55249e+03	1.70375e-02	1.75000e+00
1.56610e+03	1.72093e-02	1.75000e+00
1.57971e+03	1.73785e-02	1.75000e+00
1.59332e+03	1.75551e-02	1.75000e+00
1.60693e+03	1.77290e-02	1.75000e+00
1.62053e+03	1.79049e-02	1.75000e+00
1.63414e+03	1.80821e-02	1.75000e+00
1.64775e+03	1.82561e-02	1.75000e+00
1.66136e+03	1.84379e-02	1.75000e+00
1.67497e+03	1.86125e-02	1.75000e+00
1.68858e+03	1.87955e-02	1.75000e+00
1.70219e+03	1.89752e-02	1.75000e+00
1.71580e+03	1.91569e-02	1.75000e+00
1.72940e+03	1.93393e-02	1.75000e+00
1.74301e+03	1.95199e-02	1.75000e+00
1.75662e+03	1.97070e-02	1.75000e+00
1.77023e+03	1.98879e-02	1.75000e+00
1.78384e+03	2.00766e-02	1.75000e+00
1.79745e+03	2.02591e-02	1.75000e+00
1.81106e+03	2.04495e-02	1.75000e+00
1.82466e+03	2.06351e-02	1.75000e+00
1.83827e+03	2.08246e-02	1.75000e+00
1.85188e+03	2.10142e-02	1.75000e+00
1.86549e+03	2.12027e-02	1.75000e+00
1.87910e+03	2.13951e-02	1.75000e+00
1.89271e+03	2.15849e-02	1.75000e+00
1.90632e+03	2.17786e-02	1.75000e+00
1.91992e+03	2.19684e-02	1.75000e+00
1.93353e+03	2.21668e-02	1.75000e+00
1.94714e+03	2.23564e-02	1.75000e+00
1.96075e+03	2.25552e-02	1.75000e+00
1.97338e+03	2.27347e-02	1.75000e+00
1.98797e+03	2.29478e-02	1.75000e+00
2.00158e+03	2.31424e-02	1.75000e+00
2.01519e+03	2.33439e-02	1.75000e+00
2.02879e+03	2.35394e-02	1.75000e+00
2.04240e+03	2.37412e-02	1.75000e+00
2.05601e+03	2.39403e-02	1.75000e+00
2.06962e+03	2.41414e-02	1.75000e+00
2.08323e+03	2.43420e-02	1.75000e+00
2.09684e+03	2.45459e-02	1.75000e+00
2.11045e+03	2.47470e-02	1.75000e+00
2.12405e+03	2.49510e-02	1.75000e+00
2.13766e+03	2.51542e-02	1.75000e+00
2.15127e+03	2.53587e-02	1.75000e+00
2.16488e+03	2.55637e-02	1.75000e+00
2.17849e+03	2.57697e-02	1.75000e+00
2.19210e+03	2.59761e-02	1.75000e+00
2.20571e+03	2.61841e-02	1.75000e+00
2.21932e+03	2.63905e-02	1.75000e+00
2.23292e+03	2.65988e-02	1.75000e+00
2.24653e+03	2.68067e-02	1.75000e+00
2.26014e+03	2.70160e-02	1.75000e+00
2.27375e+03	2.72248e-02	1.75000e+00
2.28736e+03	2.74364e-02	1.75000e+00
2.30097e+03	2.76454e-02	1.75000e+00
2.31458e+03	2.78577e-02	1.75000e+00
2.32818e+03	2.80672e-02	1.75000e+00
2.34179e+03	2.82797e-02	1.75000e+00
2.35540e+03	2.84900e-02	1.75000e+00
2.36901e+03	2.87064e-02	1.75000e+00
2.38225e+03	2.89110e-02	1.75000e+00
2.39623e+03	2.91333e-02	1.75000e+00
2.40846e+03	2.93228e-02	1.75000e+00
2.42344e+03	2.95617e-02	1.75000e+00
2.43705e+03	2.97729e-02	1.75000e+00
2.45066e+03	2.99909e-02	1.75000e+00
2.46427e+03	3.02039e-02	1.75000e+00
2.47788e+03	3.04225e-02	1.75000e+00
2.49149e+03	3.06359e-02	1.75000e+00
2.50510e+03	3.08555e-02	1.75000e+00
2.51871e+03	3.10693e-02	1.75000e+00
2.53231e+03	3.12888e-02	1.75000e+00
2.54592e+03	3.15051e-02	1.75000e+00
2.55953e+03	3.17235e-02	1.75000e+00
2.57314e+03	3.19413e-02	1.75000e+00
2.58675e+03	3.21596e-02	1.75000e+00
2.60036e+03	3.23781e-02	1.75000e+00
2.61397e+03	3.25949e-02	1.75000e+00
2.62757e+03	3.28148e-02	1.75000e+00
2.64100e+03	3.30286e-02	1.75000e+00
2.65479e+03	3.32529e-02	1.75000e+00
2.66840e+03	3.34701e-02	1.75000e+00
2.68201e+03	3.36937e-02	1.75000e+00
2.69562e+03	3.39110e-02	1.75000e+00
2.70923e+03	3.41338e-02	1.75000e+00
2.72284e+03	3.43512e-02	1.75000e+00
2.73644e+03	3.45732e-02	1.75000e+00
2.75005e+03	3.47915e-02	1.75000e+00
2.76366e+03	3.50137e-02	1.75000e+00
2.77727e+03	3.52340e-02	1.75000e+00
2.79088e+03	3.54549e-02	1.75000e+00
2.80449e+03	3.56759e-02	1.75000e+00
2.81810e+03	3.58953e-02	1.75000e+00
2.83170e+03	3.61180e-02	1.75000e+00
2.84441e+03	3.63226e-02	1.75000e+00
2.85892e+03	3.65614e-02	1.75000e+00
2.87253e+03	3.67796e-02	1.75000e+00
2.88614e+03	3.70033e-02	1.75000e+00
2.89975e+03	3.72218e-02	1.75000e+00
2.91336e+03	3.74456e-02	1.75000e+00
2.92696e+03	3.76639e-02	1.75000e+00
2.94057e+03	3.78879e-02	1.75000e+00
2.95418e+03	3.81096e-02	1.75000e+00
2.96779e+03	3.83311e-02	1.75000e+00
2.98140e+03	3.85528e-02	1.75000e+00
2.99501e+03	3.87725e-02	1.75000e+00
3.00862e+03	3.89955e-02	1.75000e+00
3.02160e+03	3.92049e-02	1.75000e+00
3.03583e+03	3.94437e-02	1.75000e+00
3.04944e+03	3.96652e-02	1.75000e+00
3.06305e+03	3.98839e-02	1.75000e+00
3.07666e+03	4.01007e-02	1.75000e+00
3.09027e+03	4.03226e-02	1.75000e+00
3.10388e+03	4.05418e-02	1.75000e+00
3.11749e+03	4.07662e-02	1.75000e+00
3.13109e+03	4.09856e-02	1.75000e+00
3.14470e+03	4.12076e-02	1.75000e+00
3.15831e+03	4.14277e-02	1.75000e+00
3.17192e+03	4.16499e-02	1.75000e+00
3.18553e+03	4.18724e-02	1.75000e+00
3.19897e+03	4.20871e-02	1.75000e+00
3.21275e+03	4.23134e-02	1.75000e+00
3.22636e+03	4.25304e-02	1.75000e+00
3.23996e+03	4.27529e-02	1.75000e+00
3.25357e+03	4.29704e-02	1.75000e+00
3.26718e+03	4.31989e-02	1.75000e+00
3.28079e+03	4.34290e-02	1.75000e+00
3.29440e+03	4.36476e-02	1.75000e+00
3.30801e+03	4.38557e-02	1.75000e+00
3.32162e+03	4.40879e-02	1.75000e+00
3.33522e+03	4.43147e-02	1.75000e+00
3.34883e+03	4.45351e-02	1.75000e+00
3.36244e+03	4.47524e-02	1.75000e+00
3.37605e+03	4.49565e-02	1.75000e+00
3.38966e+03	4.51858e-02	1.75000e+00
3.40327e+03	4.54170e-02	1.75000e+00
3.41688e+03	4.56254e-02	1.75000e+00
3.43048e+03	4.58310e-02	1.75000e+00
3.44409e+03	4.60711e-02	1.75000e+00
3.45770e+03	4.62930e-02	1.75000e+00
3.47131e+03	4.64952e-02	1.75000e+00
3.48492e+03	4.67142e-02	1.75000e+00
3.49853e+03	4.69552e-02	1.75000e+00
3.51214e+03	4.71726e-02	1.75000e+00
3.52575e+03	4.73936e-02	1.75000e+00
3.53935e+03	4.75964e-02	1.75000e+00
3.55296e+03	4.78006e-02	1.75000e+00
3.56657e+03	4.80408e-02	1.75000e+00
3.57975e+03	4.82634e-02	1.75000e+00
3.59379e+03	4.84915e-02	1.75000e+00
3.60740e+03	4.87082e-02	1.75000e+00
3.62101e+03	4.89282e-02	1.75000e+00
3.63461e+03	4.91401e-02	1.75000e+00
3.64822e+03	4.93587e-02	1.75000e+00
3.66183e+03	4.95776e-02	1.75000e+00
3.67544e+03	4.97959e-02	1.75000e+00
1.23583e+02	1.27103e-03	2.24000e+00
1.37192e+02	1.35741e-03	2.24000e+00
1.50801e+02	1.46215e-03	2.24000e+00
1.64409e+02	1.55553e-03	2.24000e+00
1.78018e+02	1.63934e-03	2.24000e+00
1.91627e+02	1.71531e-03	2.24000e+00
2.05235e+02	1.80574e-03	2.24000e+00
2.18844e+02	1.89671e-03	2.24000e+00
2.32452e+02	1.98187e-03	2.24000e+00
2.46061e+02	2.05898e-03	2.24000e+00
2.59670e+02	2.13239e-03	2.24000e+00
2.73278e+02	2.21898e-03	2.24000e+00
2.86887e+02	2.30416e-03	2.24000e+00
3.00496e+02	2.38499e-03	2.24000e+00
3.14104e+02	2.46157e-03	2.24000e+00
3.27713e+02	2.53354e-03	2.24000e+00
3.41322e+02	2.61322e-03	2.24000e+00
3.54930e+02	2.69650e-03	2.24000e+00
3.68539e+02	2.77582e-03	2.24000e+00
3.82148e+02	2.85160e-03	2.24000e+00
3.95756e+02	2.92437e-03	2.24000e+00
4.09365e+02	2.99899e-03	2.24000e+00
4.22974e+02	3.08129e-03	2.24000e+00
4.36582e+02	3.16038e-03	2.24000e+00
4.50191e+02	3.23640e-03	2.24000e+00
4.63799e+02	3.30959e-03	2.24000e+00
4.77408e+02	3.38092e-03	2.24000e+00
4.91017e+02	3.46275e-03	2.24000e+00
5.04625e+02	3.54248e-03	2.24000e+00
5.18234e+02	3.61953e-03	2.24000e+00
5.31843e+02	3.69381e-03	2.24000e+00
5.45451e+02	3.76687e-03	2.24000e+00
5.59060e+02	3.84456e-03	2.24000e+00
5.72669e+02	3.92474e-03	2.24000e+00
5.86277e+02	4.00349e-03	2.24000e+00
5.99886e+02	4.07860e-03	2.24000e+00
6.13495e+02	4.15309e-03	2.24000e+00
6.27103e+02	4.22866e-03	2.24000e+00
6.40712e+02	4.30940e-03	2.24000e+00
6.54321e+02	4.38983e-03	2.24000e+00
6.67929e+02	4.46612e-03	2.24000e+00
6.81538e+02	4.54228e-03	2.24000e+00
6.95147e+02	4.61658e-03	2.24000e+00
7.08755e+02	4.69817e-03	2.24000e+00
7.22364e+02	4.78024e-03	2.24000e+00
7.35972e+02	4.85873e-03	2.24000e+00
7.49581e+02	4.93584e-03	2.24000e+00
7.63190e+02	5.01220e-03	2.24000e+00
7.76798e+02	5.09371e-03	2.24000e+00
7.90407e+02	5.17594e-03	2.24000e+00
8.04016e+02	5.25694e-03	2.24000e+00
8.17624e+02	5.33546e-03	2.24000e+00
8.31233e+02	5.41465e-03	2.24000e+00
8.44842e+02	5.49643e-03	2.24000e+00
8.58450e+02	5.57992e-03	2.24000e+00
8.72059e+02	5.66285e-03	2.24000e+00
8.85668e+02	5.74342e-03	2.24000e+00
8.99276e+02	5.82319e-03	2.24000e+00
9.12885e+02	5.90754e-03	2.24000e+00
9.26494e+02	5.99250e-03	2.24000e+00
9.40102e+02	6.07692e-03	2.24000e+00
9.53711e+02	6.15951e-03	2.24000e+00
9.67320e+02	6.24140e-03	2.24000e+00
9.80928e+02	6.32675e-03	2.24000e+00
9.94537e+02	6.41353e-03	2.24000e+00
1.00815e+03	6.49942e-03	2.24000e+00
1.02175e+03	6.58464e-03	2.24000e+00
1.03536e+03	6.66908e-03	2.24000e+00
1.04897e+03	6.75695e-03	2.24000e+00
1.06258e+03	6.84571e-03	2.24000e+00
1.07619e+03	6.93338e-03	2.24000e+00
1.08980e+03	7.02053e-03	2.24000e+00
1.10341e+03	7.10818e-03	2.24000e+00
1.11701e+03	7.19836e-03	2.24000e+00
1.13062e+03	7.28874e-03	2.24000e+00
1.14423e+03	7.37876e-03	2.24000e+00
1.15784e+03	7.46777e-03	2.24000e+00
1.17145e+03	7.55936e-03	2.24000e+00
1.18506e+03	7.65054e-03	2.24000e+00
1.19867e+03	7.74374e-03	2.24000e+00
1.21228e+03	7.83565e-03	2.24000e+00
1.22588e+03	7.92724e-03	2.24000e+00
1.23949e+03	8.02281e-03	2.24000e+00
1.25310e+03	8.11610e-03	2.24000e+00
1.26671e+03	8.21163e-03	2.24000e+00
1.28032e+03	8.30475e-03	2.24000e+00
1.29393e+03	8.40178e-03	2.24000e+00
1.30754e+03	8.49745e-03	2.24000e+00
1.32114e+03	8.59614e-03	2.24000e+00
1.33475e+03	8.69173e-03	2.24000e+00
1.34836e+03	8.79019e-03	2.24000e+00
1.36197e+03	8.88796e-03	2.24000e+00
1.37558e+03	8.98843e-03	2.24000e+00
1.38919e+03	9.08722e-03	2.24000e+00
1.40280e+03	9.18732e-03	2.24000e+00
1.41640e+03	9.28847e-03	2.24000e+00
1.43001e+03	9.39075e-03	2.24000e+00
1.44362e+03	9.49209e-03	2.24000e+00
1.45723e+03	9.59446e-03	2.24000e+00
1.47084e+03	9.69829e-03	2.24000e+00
1.48445e+03	9.80331e-03	2.24000e+00
1.49806e+03	9.90718e-03	2.24000e+00
1.51167e+03	1.00123e-02	2.24000e+00
1.52527e+03	1.01179e-02	2.24000e+00
1.53888e+03	1.02259e-02	2.24000e+00
1.55249e+03	1.03321e-02	2.24000e+00
1.56610e+03	1.04402e-02	2.24000e+00
1.57971e+03	1.05485e-02	2.24000e+00
1.59332e+03	1.06586e-02	2.24000e+00
1.60693e+03	1.07672e-02	2.24000e+00
1.62053e+03	1.08788e-02	2.24000e+00
1.63414e+03	1.09894e-02	2.24000e+00
1.64775e+03	1.11021e-02	2.24000e+00
1.66136e+03	1.12137e-02	2.24000e+00
1.67497e+03	1.13268e-02	2.24000e+00
1.68858e+03	1.14416e-02	2.24000e+00
1.70219e+03	1.15570e-02	2.24000e+00
1.71580e+03	1.16728e-02	2.24000e+00
1.72940e+03	1.17883e-02	2.24000e+00
1.74301e+03	1.19054e-02	2.24000e+00
1.75662e+03	1.20226e-02	2.24000e+00
1.77023e+03	1.21405e-02	2.24000e+00
1.78384e+03	1.22598e-02	2.24000e+00
1.79745e+03	1.23804e-02	2.24000e+00
1.81106e+03	1.25008e-02	2.24000e+00
1.82466e+03	1.26219e-02	2.24000e+00
1.83827e+03	1.27443e-02	2.24000e+00
1.85188e+03	1.28673e-02	2.24000e+00
1.86549e+03	1.29901e-02	2.24000e+00
1.87910e+03	1.31142e-02	2.24000e+00
1.89271e+03	1.32401e-02	2.24000e+00
1.90632e+03	1.33646e-02	2.24000e+00
1.91992e+03	1.34914e-02	2.24000e+00
1.93353e+03	1.36204e-02	2.24000e+00
1.94714e+03	1.37460e-02	2.24000e+00
1.96075e+03	1.38755e-02	2.24000e+00
1.97436e+03	1.40068e-02	2.24000e+00
1.98797e+03	1.41350e-02	2.24000e+00
2.00158e+03	1.42670e-02	2.24000e+00
2.01519e+03	1.43998e-02	2.24000e+00
2.02879e+03	1.45309e-02	2.24000e+00
2.04240e+03	1.46646e-02	2.24000e+00
2.05601e+03	1.47995e-02	2.24000e+00
2.06962e+03	1.49329e-02	2.24000e+00
2.08323e+03	1.50696e-02	2.24000e+00
2.09684e+03	1.52068e-02	2.24000e+00
2.11045e+03	1.53422e-02	2.24000e+00
2.12405e+03	1.54812e-02	2.24000e+00
2.13766e+03	1.56201e-02	2.24000e+00
2.15127e+03	1.57581e-02	2.24000e+00
2.16488e+03	1.58997e-02	2.24000e+00
2.17849e+03	1.60409e-02	2.24000e+00
2.19210e+03	1.61821e-02	2.24000e+00
2.20571e+03	1.63259e-02	2.24000e+00
2.21932e+03	1.64696e-02	2.24000e+00
2.23292e+03	1.66127e-02	2.24000e+00
2.24653e+03	1.67581e-02	2.24000e+00
2.26014e+03	1.69036e-02	2.24000e+00
2.27375e+03	1.70494e-02	2.24000e+00
2.28736e+03	1.71973e-02	2.24000e+00
2.30097e+03	1.73448e-02	2.24000e+00
2.31458e+03	1.74933e-02	2.24000e+00
2.32818e+03	1.76428e-02	2.24000e+00
2.34179e+03	1.77910e-02	2.24000e+00
2.35540e+03	1.79428e-02	2.24000e+00
2.36901e+03	1.80949e-02	2.24000e+00
2.38262e+03	1.82463e-02	2.24000e+00
2.39623e+03	1.84001e-02	2.24000e+00
2.40984e+03	1.85537e-02	2.24000e+00
2.42344e+03	1.87079e-02	2.24000e+00
2.43705e+03	1.88630e-02	2.24000e+00
2.45066e+03	1.90177e-02	2.24000e+00
2.46427e+03	1.91749e-02	2.24000e+00
2.47788e+03	1.93325e-02	2.24000e+00
2.49149e+03	1.94893e-02	2.24000e+00
2.50510e+03	1.96485e-02	2.24000e+00
2.51871e+03	1.98069e-02	2.24000e+00
2.53231e+03	1.99668e-02	2.24000e+00
2.54592e+03	2.01281e-02	2.24000e+00
2.55953e+03	2.02875e-02	2.24000e+00
2.57314e+03	2.04503e-02	2.24000e+00
2.58675e+03	2.06131e-02	2.24000e+00
2.60036e+03	2.07754e-02	2.24000e+00
2.61397e+03	2.09393e-02	2.24000e+00
2.62757e+03	2.11020e-02	2.24000e+00
2.64118e+03	2.12674e-02	2.24000e+00
2.65479e+03	2.14330e-02	2.24000e+00
2.66840e+03	2.15987e-02	2.24000e+00
2.68201e+03	2.17662e-02	2.24000e+00
2.69562e+03	2.19330e-02	2.24000e+00
2.70923e+03	2.21012e-02	2.24000e+00
2.72284e+03	2.22700e-02	2.24000e+00
2.73644e+03	2.24379e-02	2.24000e+00
2.75005e+03	2.26075e-02	2.24000e+00
2.76366e+03	2.27769e-02	2.24000e+00
2.77727e+03	2.29476e-02	2.24000e+00
2.79088e+03	2.31195e-02	2.24000e+00
2.80449e+03	2.32902e-02	2.24000e+00
2.81810e+03	2.34627e-02	2.24000e+00
2.83170e+03	2.36344e-02	2.24000e+00
2.84531e+03	2.38072e-02	2.24000e+00
2.85805e+03	2.39700e-02	2.24000e+00
2.87253e+03	2.41551e-02	2.24000e+00
2.88614e+03	2.43300e-02	2.24000e+00
2.89975e+03	2.45037e-02	2.24000e+00
2.91336e+03	2.46795e-02	2.24000e+00
2.92696e+03	2.48551e-02	2.24000e+00
2.94057e+03	2.50309e-02	2.24000e+00
2.95389e+03	2.52052e-02	2.24000e+00
2.96779e+03	2.53854e-02	2.24000e+00
2.98140e+03	2.55630e-02	2.24000e+00
2.99501e+03	2.57406e-02	2.24000e+00
3.00862e+03	2.59188e-02	2.24000e+00
3.02223e+03	2.60979e-02	2.24000e+00
3.03583e+03	2.62766e-02	2.24000e+00
3.04944e+03	2.64571e-02	2.24000e+00
3.06305e+03	2.66360e-02	2.24000e+00
3.07666e+03	2.68159e-02	2.24000e+00
3.09027e+03	2.69955e-02	2.24000e+00
3.10388e+03	2.71760e-02	2.24000e+00
3.11749e+03	2.73589e-02	2.24000e+00
3.13109e+03	2.75392e-02	2.24000e+00
3.14470e+03	2.77210e-02	2.24000e+00
3.15831e+03	2.79029e-02	2.24000e+00
3.17192e+03	2.80855e-02	2.24000e+00
3.18553e+03	2.82687e-02	2.24000e+00
3.19914e+03	2.84509e-02	2.24000e+00
3.21275e+03	2.86350e-02	2.24000e+00
3.22636e+03	2.88174e-02	2.24000e+00
3.23996e+03	2.90015e-02	2.24000e+00
3.25357e+03	2.91852e-02	2.24000e+00
3.26718e+03	2.93699e-02	2.24000e+00
3.28079e+03	2.95553e-02	2.24000e+00
3.29402e+03	2.97345e-02	2.24000e+00
3.30801e+03	2.99258e-02	2.24000e+00
3.32162e+03	3.01096e-02	2.24000e+00
3.33522e+03	3.02953e-02	2.24000e+00
3.34883e+03	3.04807e-02	2.24000e+00
3.36244e+03	3.06671e-02	2.24000e+00
3.37605e+03	3.08537e-02	2.24000e+00
3.38966e+03	3.10399e-02	2.24000e+00
3.40327e+03	3.12264e-02	2.24000e+00
3.41688e+03	3.14125e-02	2.24000e+00
3.43048e+03	3.16031e-02	2.24000e+00
3.44409e+03	3.17891e-02	2.24000e+00
3.45770e+03	3.19773e-02	2.24000e+00
3.47131e+03	3.21627e-02	2.24000e+00
3.48492e+03	3.23488e-02	2.24000e+00
3.49853e+03	3.25375e-02	2.24000e+00
3.51214e+03	3.27281e-02	2.24000e+00
3.52575e+03	3.29184e-02	2.24000e+00
3.53935e+03	3.31062e-02	2.24000e+00
3.55296e+03	3.32984e-02	2.24000e+00
3.56657e+03	3.34820e-02	2.24000e+00
3.58018e+03	3.36719e-02	2.24000e+00
3.59327e+03	3.38521e-02	2.24000e+00
3.60740e+03	3.40473e-02	2.24000e+00
3.62101e+03	3.42416e-02	2.24000e+00
3.63461e+03	3.44300e-02	2.24000e+00
3.64822e+03	3.46129e-02	2.24000e+00
3.66183e+03	3.48066e-02	2.24000e+00
3.67544e+03	3.50052e-02	2.24000e+00
1.96348e+02	9.11754e-04	3.09000e+00
2.18844e+02	1.00403e-03	3.09000e+00
2.32452e+02	1.05366e-03	3.09000e+00
2.46061e+02	1.09993e-03	3.09000e+00
2.59670e+02	1.14330e-03	3.09000e+00
2.73278e+02	1.18380e-03	3.09000e+00
2.86887e+02	1.22182e-03	3.09000e+00
3.00496e+02	1.25736e-03	3.09000e+00
3.14104e+02	1.29107e-03	3.09000e+00
3.27713e+02	1.32324e-03	3.09000e+00
3.41322e+02	1.37132e-03	3.09000e+00
3.54930e+02	1.41754e-03	3.09000e+00
3.68539e+02	1.46255e-03	3.09000e+00
3.82148e+02	1.50498e-03	3.09000e+00
3.95756e+02	1.54605e-03	3.09000e+00
4.09365e+02	1.58466e-03	3.09000e+00
4.22974e+02	1.62219e-03	3.09000e+00
4.36582e+02	1.65854e-03	3.09000e+00
4.50191e+02	1.69292e-03	3.09000e+00
4.63799e+02	1.72641e-03	3.09000e+00
4.77408e+02	1.76825e-03	3.09000e+00
4.91017e+02	1.81407e-03	3.09000e+00
5.04625e+02	1.85694e-03	3.09000e+00
5.18234e+02	1.89942e-03	3.09000e+00
5.31843e+02	1.94021e-03	3.09000e+00
5.45451e+02	1.97879e-03	3.09000e+00
5.59060e+02	2.01808e-03	3.09000e+00
5.72669e+02	2.05492e-03	3.09000e+00
5.86277e+02	2.09082e-03	3.09000e+00
5.99886e+02	2.12660e-03	3.09000e+00
6.13495e+02	2.16477e-03	3.09000e+00
6.27103e+02	2.20971e-03	3.09000e+00
6.40712e+02	2.25411e-03	3.09000e+00
6.54321e+02	2.29602e-03	3.09000e+00
6.67929e+02	2.33743e-03	3.09000e+00
6.81538e+02	2.37837e-03	3.09000e+00
6.95147e+02	2.41773e-03	3.09000e+00
7.08755e+02	2.45631e-03	3.09000e+00
7.22364e+02	2.49455e-03	3.09000e+00
7.35972e+02	2.53186e-03	3.09000e+00
7.49581e+02	2.56997e-03	3.09000e+00
7.63190e+02	2.61493e-03	3.09000e+00
7.76798e+02	2.65995e-03	3.09000e+00
7.90407e+02	2.70373e-03	3.09000e+00
8.04016e+02	2.74597e-03	3.09000e+00
8.17624e+02	2.78892e-03	3.09000e+00
8.31233e+02	2.83030e-03	3.09000e+00
8.44842e+02	2.86970e-03	3.09000e+00
8.58450e+02	2.90985e-03	3.09000e+00
8.72059e+02	2.94868e-03	3.09000e+00
8.85668e+02	2.99063e-03	3.09000e+00
8.99276e+02	3.03701e-03	3.09000e+00
9.12885e+02	3.08298e-03	3.09000e+00
9.26494e+02	3.12818e-03	3.09000e+00
9.40102e+02	3.17198e-03	3.09000e+00
9.53711e+02	3.21542e-03	3.09000e+00
9.67320e+02	3.25781e-03	3.09000e+00
9.80928e+02	3.30059e-03	3.09000e+00
9.94537e+02	3.34226e-03	3.09000e+00
1.00815e+03	3.38323e-03	3.09000e+00
1.02175e+03	3.43036e-03	3.09000e+00
1.03536e+03	3.47963e-03	3.09000e+00
1.04897e+03	3.52698e-03	3.09000e+00
1.06258e+03	3.57279e-03	3.09000e+00
1.07619e+03	3.61797e-03	3.09000e+00
1.08980e+03	3.66292e-03	3.09000e+00
1.10341e+03	3.70897e-03	3.09000e+00
1.11701e+03	3.75310e-03	3.09000e+00
1.13062e+03	3.79589e-03	3.09000e+00
1.14423e+03	3.84534e-03	3.09000e+00
1.15784e+03	3.89597e-03	3.09000e+00
1.17145e+03	3.94655e-03	3.09000e+00
1.18506e+03	3.99444e-03	3.09000e+00
1.19867e+03	4.04139e-03	3.09000e+00
1.21228e+03	4.08956e-03	3.09000e+00
1.22588e+03	4.13729e-03	3.09000e+00
1.23949e+03	4.18382e-03	3.09000e+00
1.25310e+03	4.23180e-03	3.09000e+00
1.26671e+03	4.28442e-03	3.09000e+00
1.28032e+03	4.33709e-03	3.09000e+00
1.29393e+03	4.38863e-03	3.09000e+00
1.30754e+03	4.43891e-03	3.09000e+00
1.32114e+03	4.48957e-03	3.09000e+00
1.33475e+03	4.53966e-03	3.09000e+00
1.34836e+03	4.58900e-03	3.09000e+00
1.36197e+03	4.63993e-03	3.09000e+00
1.37558e+03	4.69428e-03	3.09000e+00
1.38919e+03	4.74963e-03	3.09000e+00
1.40280e+03	4.80352e-03	3.09000e+00
1.41640e+03	4.85662e-03	3.09000e+00
1.43001e+03	4.91013e-03	3.09000e+00
1.44362e+03	4.96253e-03	3.09000e+00
1.45723e+03	5.01485e-03	3.09000e+00
1.47084e+03	5.07038e-03	3.09000e+00
1.48445e+03	5.12794e-03	3.09000e+00
1.49806e+03	5.18545e-03	3.09000e+00
1.51167e+03	5.24170e-03	3.09000e+00
1.52527e+03	5.29892e-03	3.09000e+00
1.53888e+03	5.35416e-03	3.09000e+00
1.55249e+03	5.40919e-03	3.09000e+00
1.56610e+03	5.46620e-03	3.09000e+00
1.57971e+03	5.52546e-03	3.09000e+00
1.59332e+03	5.58666e-03	3.09000e+00
1.60693e+03	5.64608e-03	3.09000e+00
1.62053e+03	5.70601e-03	3.09000e+00
1.63414e+03	5.76481e-03	3.09000e+00
1.64775e+03	5.82272e-03	3.09000e+00
1.66136e+03	5.88279e-03	3.09000e+00
1.67497e+03	5.94524e-03	3.09000e+00
1.68858e+03	6.00911e-03	3.09000e+00
1.70219e+03	6.07205e-03	3.09000e+00
1.71580e+03	6.13506e-03	3.09000e+00
1.72940e+03	6.19621e-03	3.09000e+00
1.74301e+03	6.25703e-03	3.09000e+00
1.75662e+03	6.32215e-03	3.09000e+00
1.77023e+03	6.38820e-03	3.09000e+00
1.78384e+03	6.45453e-03	3.09000e+00
1.79745e+03	6.52085e-03	3.09000e+00
1.81106e+03	6.58658e-03	3.09000e+00
1.82466e+03	6.65004e-03	3.09000e+00
1.83827e+03	6.71673e-03	3.09000e+00
1.85188e+03	6.78467e-03	3.09000e+00
1.86549e+03	6.85502e-03	3.09000e+00
1.87910e+03	6.92427e-03	3.09000e+00
1.89271e+03	6.99377e-03	3.09000e+00
1.90632e+03	7.06024e-03	3.09000e+00
1.91992e+03	7.13028e-03	3.09000e+00
1.93353e+03	7.20171e-03	3.09000e+00
1.94714e+03	7.27506e-03	3.09000e+00
1.96075e+03	7.34706e-03	3.09000e+00
1.97436e+03	7.41957e-03	3.09000e+00
1.98797e+03	7.48841e-03	3.09000e+00
2.00158e+03	7.56313e-03	3.09000e+00
2.01519e+03	7.63809e-03	3.09000e+00
2.02879e+03	7.71530e-03	3.09000e+00
2.04240e+03	7.79032e-03	3.09000e+00
2.05601e+03	7.86505e-03	3.09000e+00
2.06962e+03	7.93897e-03	3.09000e+00
2.08323e+03	8.01648e-03	3.09000e+00
2.09684e+03	8.09701e-03	3.09000e+00
2.11045e+03	8.17592e-03	3.09000e+00
2.12405e+03	8.25378e-03	3.09000e+00
2.13766e+03	8.33086e-03	3.09000e+00
2.15127e+03	8.41083e-03	3.09000e+00
2.16488e+03	8.49331e-03	3.09000e+00
2.17849e+03	8.57698e-03	3.09000e+00
2.19210e+03	8.65727e-03	3.09000e+00
2.20571e+03	8.73774e-03	3.09000e+00
2.21932e+03	8.82096e-03	3.09000e+00
2.23292e+03	8.90721e-03	3.09000e+00
2.24653e+03	8.99337e-03	3.09000e+00
2.26014e+03	9.07691e-03	3.09000e+00
2.27375e+03	9.16016e-03	3.09000e+00
2.28736e+03	9.24742e-03	3.09000e+00
2.30097e+03	9.33706e-03	3.09000e+00
2.31458e+03	9.42535e-03	3.09000e+00
2.32818e+03	9.51309e-03	3.09000e+00
2.34179e+03	9.59979e-03	3.09000e+00
2.35540e+03	9.68996e-03	3.09000e+00
2.36901e+03	9.78363e-03	3.09000e+00
2.38262e+03	9.87407e-03	3.09000e+00
2.39623e+03	9.96419e-03	3.09000e+00
2.40984e+03	1.00567e-02	3.09000e+00
2.42344e+03	1.01512e-02	3.09000e+00
2.43705e+03	1.02472e-02	3.09000e+00
2.45066e+03	1.03392e-02	3.09000e+00
2.46427e+03	1.04338e-02	3.09000e+00
2.47788e+03	1.05301e-02	3.09000e+00
2.49149e+03	1.06289e-02	3.09000e+00
2.50510e+03	1.07264e-02	3.09000e+00
2.51871e+03	1.08216e-02	3.09000e+00
2.53231e+03	1.09212e-02	3.09000e+00
2.54592e+03	1.10235e-02	3.09000e+00
2.55953e+03	1.11230e-02	3.09000e+00
2.57314e+03	1.12225e-02	3.09000e+00
2.58675e+03	1.13244e-02	3.09000e+00
2.60036e+03	1.14285e-02	3.09000e+00
2.61397e+03	1.15324e-02	3.09000e+00
2.62757e+03	1.16333e-02	3.09000e+00
2.64118e+03	1.17386e-02	3.09000e+00
2.65479e+03	1.18462e-02	3.09000e+00
2.66840e+03	1.19514e-02	3.09000e+00
2.68201e+03	1.20566e-02	3.09000e+00
2.69562e+03	1.21641e-02	3.09000e+00
2.70923e+03	1.22743e-02	3.09000e+00
2.72284e+03	1.23832e-02	3.09000e+00
2.73644e+03	1.24907e-02	3.09000e+00
2.75005e+03	1.26013e-02	3.09000e+00
2.76366e+03	1.27144e-02	3.09000e+00
2.77727e+03	1.28250e-02	3.09000e+00
2.79088e+03	1.29371e-02	3.09000e+00
2.80449e+03	1.30506e-02	3.09000e+00
2.81810e+03	1.31660e-02	3.09000e+00
2.83170e+03	1.32773e-02	3.09000e+00
2.84531e+03	1.33934e-02	3.09000e+00
2.85892e+03	1.35120e-02	3.09000e+00
2.87253e+03	1.36277e-02	3.09000e+00
2.88614e+03	1.37443e-02	3.09000e+00
2.89975e+03	1.38623e-02	3.09000e+00
2.91336e+03	1.39827e-02	3.09000e+00
2.92696e+03	1.40998e-02	3.09000e+00
2.94057e+03	1.42203e-02	3.09000e+00
2.95418e+03	1.43436e-02	3.09000e+00
2.96779e+03	1.44634e-02	3.09000e+00
2.98140e+03	1.45853e-02	3.09000e+00
2.99501e+03	1.47090e-02	3.09000e+00
3.00862e+03	1.48333e-02	3.09000e+00
3.02223e+03	1.49561e-02	3.09000e+00
3.03583e+03	1.50806e-02	3.09000e+00
3.04944e+03	1.52083e-02	3.09000e+00
3.06305e+03	1.53316e-02	3.09000e+00
3.07666e+03	1.54589e-02	3.09000e+00
3.09027e+03	1.55879e-02	3.09000e+00
3.10388e+03	1.57149e-02	3.09000e+00
3.11749e+03	1.58438e-02	3.09000e+00
3.13109e+03	1.59735e-02	3.09000e+00
3.14470e+03	1.61038e-02	3.09000e+00
3.15831e+03	1.62327e-02	3.09000e+00
3.17192e+03	1.63647e-02	3.09000e+00
3.18553e+03	1.64979e-02	3.09000e+00
3.19914e+03	1.66287e-02	3.09000e+00
3.21275e+03	1.67619e-02	3.09000e+00
3.22636e+03	1.68960e-02	3.09000e+00
3.23996e+03	1.70294e-02	3.09000e+00
3.25357e+03	1.71639e-02	3.09000e+00
3.26718e+03	1.73006e-02	3.09000e+00
3.28079e+03	1.74351e-02	3.09000e+00
3.29440e+03	1.75721e-02	3.09000e+00
3.30801e+03	1.77111e-02	3.09000e+00
3.32162e+03	1.78463e-02	3.09000e+00
3.33522e+03	1.79844e-02	3.09000e+00
3.34883e+03	1.81235e-02	3.09000e+00
3.36244e+03	1.82622e-02	3.09000e+00
3.37605e+03	1.84023e-02	3.09000e+00
3.38966e+03	1.85436e-02	3.09000e+00
3.40327e+03	1.86834e-02	3.09000e+00
3.41688e+03	1.88241e-02	3.09000e+00
3.43048e+03	1.89677e-02	3.09000e+00
3.44409e+03	1.91084e-02	3.09000e+00
3.45770e+03	1.92513e-02	3.09000e+00
3.47131e+03	1.93939e-02	3.09000e+00
3.48492e+03	1.95374e-02	3.09000e+00
3.49853e+03	1.96823e-02	3.09000e+00
3.51214e+03	1.98274e-02	3.09000e+00
3.52575e+03	1.99726e-02	3.09000e+00
3.53935e+03	2.01178e-02	3.09000e+00
3.55296e+03	2.02630e-02	3.09000e+00
3.56657e+03	2.04093e-02	3.09000e+00
3.58018e+03	2.05577e-02	3.09000e+00
3.59379e+03	2.07033e-02	3.09000e+00
3.60740e+03	2.08518e-02	3.09000e+00
3.62101e+03	2.10007e-02	3.09000e+00
3.63461e+03	2.11482e-02	3.09000e+00
3.64822e+03	2.12974e-02	3.09000e+00
3.66183e+03	2.14473e-02	3.09000e+00
3.67544e+03	2.15968e-02	3.09000e+00
6.95460e+02	9.11754e-04	5.01000e+00
7.22364e+02	9.52397e-04	5.01000e+00
7.35972e+02	9.70830e-04	5.01000e+00
7.49581e+02	9.89789e-04	5.01000e+00
7.63190e+02	1.00869e-03	5.01000e+00
7.76798e+02	1.02721e-03	5.01000e+00
7.90407e+02	1.04492e-03	5.01000e+00
8.04016e+02	1.06234e-03	5.01000e+00
8.17624e+02	1.07904e-03	5.01000e+00
8.31233e+02	1.09646e-03	5.01000e+00
8.44842e+02	1.11281e-03	5.01000e+00
8.58450e+02	1.12913e-03	5.01000e+00
8.72059e+02	1.14508e-03	5.01000e+00
8.85668e+02	1.16063e-03	5.01000e+00
8.99276e+02	1.17610e-03	5.01000e+00
9.12885e+02	1.19114e-03	5.01000e+00
9.26494e+02	1.20616e-03	5.01000e+00
9.40102e+02	1.22088e-03	5.01000e+00
9.53711e+02	1.23512e-03	5.01000e+00
9.67320e+02	1.24922e-03	5.01000e+00
9.80928e+02	1.26331e-03	5.01000e+00
9.94537e+02	1.27733e-03	5.01000e+00
1.00815e+03	1.29082e-03	5.01000e+00
1.02175e+03	1.30439e-03	5.01000e+00
1.03536e+03	1.31703e-03	5.01000e+00
1.04897e+03	1.33387e-03	5.01000e+00
1.06258e+03	1.35547e-03	5.01000e+00
1.07619e+03	1.37619e-03	5.01000e+00
1.08980e+03	1.39703e-03	5.01000e+00
1.10341e+03	1.41684e-03	5.01000e+00
1.11701e+03	1.43536e-03	5.01000e+00
1.13062e+03	1.45559e-03	5.01000e+00
1.14423e+03	1.47523e-03	5.01000e+00
1.15784e+03	1.49443e-03	5.01000e+00
1.17145e+03	1.51306e-03	5.01000e+00
1.18506e+03	1.53099e-03	5.01000e+00
1.19867e+03	1.54921e-03	5.01000e+00
1.21228e+03	1.56781e-03	5.01000e+00
1.22588e+03	1.58581e-03	5.01000e+00
1.23949e+03	1.60379e-03	5.01000e+00
1.25310e+03	1.62109e-03	5.01000e+00
1.26671e+03	1.63797e-03	5.01000e+00
1.28032e+03	1.65492e-03	5.01000e+00
1.29393e+03	1.67196e-03	5.01000e+00
1.30754e+03	1.68950e-03	5.01000e+00
1.32114e+03	1.70578e-03	5.01000e+00
1.33475e+03	1.72206e-03	5.01000e+00
1.34836e+03	1.73901e-03	5.01000e+00
1.36197e+03	1.76211e-03	5.01000e+00
1.37558e+03	1.78589e-03	5.01000e+00
1.38919e+03	1.80868e-03	5.01000e+00
1.40280e+03	1.83140e-03	5.01000e+00
1.41640e+03	1.85338e-03	5.01000e+00
1.43001e+03	1.87447e-03	5.01000e+00
1.44362e+03	1.89631e-03	5.01000e+00
1.45723e+03	1.91819e-03	5.01000e+00
1.47084e+03	1.94063e-03	5.01000e+00
1.48445e+03	1.96173e-03	5.01000e+00
1.49806e+03	1.98243e-03	5.01000e+00
1.51167e+03	2.00296e-03	5.01000e+00
1.52527e+03	2.02306e-03	5.01000e+00
1.53888e+03	2.04388e-03	5.01000e+00
1.55249e+03	2.06458e-03	5.01000e+00
1.56610e+03	2.08532e-03	5.01000e+00
1.57971e+03	2.10529e-03	5.01000e+00
1.59332e+03	2.12482e-03	5.01000e+00
1.60693e+03	2.14384e-03	5.01000e+00
1.62053e+03	2.16858e-03	5.01000e+00
1.63414e+03	2.19550e-03	5.01000e+00
1.64775e+03	2.22121e-03	5.01000e+00
1.66136e+03	2.24701e-03	5.01000e+00
1.67497e+03	2.27191e-03	5.01000e+00
1.68858e+03	2.29700e-03	5.01000e+00
1.70219e+03	2.32173e-03	5.01000e+00
1.71580e+03	2.34722e-03	5.01000e+00
1.72940e+03	2.37150e-03	5.01000e+00
1.74301e+03	2.39590e-03	5.01000e+00
1.75662e+03	2.42008e-03	5.01000e+00
1.77023e+03	2.44445e-03	5.01000e+00
1.78384e+03	2.46813e-03	5.01000e+00
1.79745e+03	2.49206e-03	5.01000e+00
1.81106e+03	2.51604e-03	5.01000e+00
1.82466e+03	2.53884e-03	5.01000e+00
1.83827e+03	2.56189e-03	5.01000e+00
1.85188e+03	2.59176e-03	5.01000e+00
1.86549e+03	2.62179e-03	5.01000e+00
1.87910e+03	2.65129e-03	5.01000e+00
1.89271e+03	2.68021e-03	5.01000e+00
1.90632e+03	2.70840e-03	5.01000e+00
1.91992e+03	2.73675e-03	5.01000e+00
1.93353e+03	2.76452e-03	5.01000e+00
1.94714e+03	2.79253e-03	5.01000e+00
1.96075e+03	2.82067e-03	5.01000e+00
1.97436e+03	2.84922e-03	5.01000e+00
1.98797e+03	2.87674e-03	5.01000e+00
2.00158e+03	2.90434e-03	5.01000e+00
2.01519e+03	2.93170e-03	5.01000e+00
2.02879e+03	2.95760e-03	5.01000e+00
2.04240e+03	2.98722e-03	5.01000e+00
2.05601e+03	3.02204e-03	5.01000e+00
2.06962e+03	3.05522e-03	5.01000e+00
2.08323e+03	3.08787e-03	5.01000e+00
2.09684e+03	3.12054e-03	5.01000e+00
2.11045e+03	3.15183e-03	5.01000e+00
2.12405e+03	3.18310e-03	5.01000e+00
2.13766e+03	3.21540e-03	5.01000e+00
2.15127e+03	3.24813e-03	5.01000e+00
2.16488e+03	3.28020e-03	5.01000e+00
2.17849e+03	3.31169e-03	5.01000e+00
2.19210e+03	3.34205e-03	5.01000e+00
2.20571e+03	3.37259e-03	5.01000e+00
2.21932e+03	3.40754e-03	5.01000e+00
2.23292e+03	3.44535e-03	5.01000e+00
2.24653e+03	3.48257e-03	5.01000e+00
2.26014e+03	3.51900e-03	5.01000e+00
2.27375e+03	3.55490e-03	5.01000e+00
2.28736e+03	3.59068e-03	5.01000e+00
2.30097e+03	3.62640e-03	5.01000e+00
2.31458e+03	3.66238e-03	5.01000e+00
2.32818e+03	3.69918e-03	5.01000e+00
2.34179e+03	3.73349e-03	5.01000e+00
2.35540e+03	3.76834e-03	5.01000e+00
2.36901e+03	3.80348e-03	5.01000e+00
2.38262e+03	3.84573e-03	5.01000e+00
2.39623e+03	3.88758e-03	5.01000e+00
2.40984e+03	3.92844e-03	5.01000e+00
2.42344e+03	3.96833e-03	5.01000e+00
2.43705e+03	4.00909e-03	5.01000e+00
2.45066e+03	4.04868e-03	5.01000e+00
2.46427e+03	4.08846e-03	5.01000e+00
2.47788e+03	4.12861e-03	5.01000e+00
2.49149e+03	4.16729e-03	5.01000e+00
2.50510e+03	4.20548e-03	5.01000e+00
2.51871e+03	4.25132e-03	5.01000e+00
2.53231e+03	4.29709e-03	5.01000e+00
2.54592e+03	4.34217e-03	5.01000e+00
2.55953e+03	4.38657e-03	5.01000e+00
2.57314e+03	4.43124e-03	5.01000e+00
2.58675e+03	4.47537e-03	5.01000e+00
2.60036e+03	4.51883e-03	5.01000e+00
2.61397e+03	4.56297e-03	5.01000e+00
2.62757e+03	4.60518e-03	5.01000e+00
2.64118e+03	4.65251e-03	5.01000e+00
2.65479e+03	4.70332e-03	5.01000e+00
2.66840e+03	4.75231e-03	5.01000e+00
2.68201e+03	4.80177e-03	5.01000e+00
2.69562e+03	4.85013e-03	5.01000e+00
2.70923e+03	4.89840e-03	5.01000e+00
2.72284e+03	4.94623e-03	5.01000e+00
2.73644e+03	4.99358e-03	5.01000e+00
2.75005e+03	5.04138e-03	5.01000e+00
2.76366e+03	5.09632e-03	5.01000e+00
2.77727e+03	5.15005e-03	5.01000e+00
2.79088e+03	5.20429e-03	5.01000e+00
2.80449e+03	5.25661e-03	5.01000e+00
2.81810e+03	5.30972e-03	5.01000e+00
2.83170e+03	5.36076e-03	5.01000e+00
2.84531e+03	5.41236e-03	5.01000e+00
2.85892e+03	5.46537e-03	5.01000e+00
2.87253e+03	5.52471e-03	5.01000e+00
2.88614e+03	5.58336e-03	5.01000e+00
2.89975e+03	5.64080e-03	5.01000e+00
2.91336e+03	5.69786e-03	5.01000e+00
2.92696e+03	5.75377e-03	5.01000e+00
2.94057e+03	5.80888e-03	5.01000e+00
2.95418e+03	5.86418e-03	5.01000e+00
2.96779e+03	5.92765e-03	5.01000e+00
2.98140e+03	5.99045e-03	5.01000e+00
2.99501e+03	6.05280e-03	5.01000e+00
3.00862e+03	6.11350e-03	5.01000e+00
3.02223e+03	6.17403e-03	5.01000e+00
3.03583e+03	6.23278e-03	5.01000e+00
3.04944e+03	6.29375e-03	5.01000e+00
3.06305e+03	6.36201e-03	5.01000e+00
3.07666e+03	6.42827e-03	5.01000e+00
3.09027e+03	6.49419e-03	5.01000e+00
3.10388e+03	6.55839e-03	5.01000e+00
3.11749e+03	6.62218e-03	5.01000e+00
3.13109e+03	6.68502e-03	5.01000e+00
3.14470e+03	6.75570e-03	5.01000e+00
3.15831e+03	6.82745e-03	5.01000e+00
3.17192e+03	6.89694e-03	5.01000e+00
3.18553e+03	6.96569e-03	5.01000e+00
3.19914e+03	7.03264e-03	5.01000e+00
3.21275e+03	7.09931e-03	5.01000e+00
3.22636e+03	7.17468e-03	5.01000e+00
3.23996e+03	7.24938e-03	5.01000e+00
3.25357e+03	7.32263e-03	5.01000e+00
3.26718e+03	7.39488e-03	5.01000e+00
3.28079e+03	7.46520e-03	5.01000e+00
3.29440e+03	7.53875e-03	5.01000e+00
3.30801e+03	7.61876e-03	5.01000e+00
3.32162e+03	7.69578e-03	5.01000e+00
3.33522e+03	7.77262e-03	5.01000e+00
3.34883e+03	7.84673e-03	5.01000e+00
3.36244e+03	7.92103e-03	5.01000e+00
3.37605e+03	8.00376e-03	5.01000e+00
3.38966e+03	8.08544e-03	5.01000e+00
3.40327e+03	8.16659e-03	5.01000e+00
3.41688e+03	8.24430e-03	5.01000e+00
3.43048e+03	8.32100e-03	5.01000e+00
3.44409e+03	8.40658e-03	5.01000e+00
3.45770e+03	8.49247e-03	5.01000e+00
3.47131e+03	8.57573e-03	5.01000e+00
3.48492e+03	8.65804e-03	5.01000e+00
3.49853e+03	8.73807e-03	5.01000e+00
3.51214e+03	8.82719e-03	5.01000e+00
3.52575e+03	8.91673e-03	5.01000e+00
3.53935e+03	9.00248e-03	5.01000e+00
3.55296e+03	9.08755e-03	5.01000e+00
3.56657e+03	9.17172e-03	5.01000e+00
3.58018e+03	9.26483e-03	5.01000e+00
3.59379e+03	9.35628e-03	5.01000e+00
3.60740e+03	9.44551e-03	5.01000e+00
3.62101e+03	9.53184e-03	5.01000e+00
3.63461e+03	9.62353e-03	5.01000e+00
3.64822e+03	9.71970e-03	5.01000e+00
3.66183e+03	9.81234e-03	5.01000e+00
3.67544e+03	9.90369e-03	5.01000e+00
