# These isoelasticity lines were interpolated from the corresponding
# look-up table introduced in dclab 0.24.0. The original FEM results
# were complemented with analytical data both of which are available
# on figshare (https://doi.org/10.6084/m9.figshare.12155064.v3). The
# model computations take into account the equivalent channel radius
# for a square channel cross-section with the factor 1.094 (see also
# supplement S3 in https://doi.org/10.1016/j.bpj.2015.09.006).
#
# BEGIN METADATA
# {
#   "authors": "D. Mokbel, M. Mokbel, L.D. Wittwer, S. Aland",
#   "channel_width": 20.0,
#   "channel_width_unit": "um",
#   "commit_hash": "43f37eaa",
#   "date": "2019-11-13",
#   "dimensionality": "2Daxis",
#   "flow_rate": 0.04,
#   "flow_rate_unit": "uL/s",
#   "fluid_density": 1000.0,
#   "fluid_density_unit": "kg m^-3",
#   "fluid_viscosity": 15.0,
#   "fluid_viscosity_unit": "mPa s",
#   "lut identifier": "LE-2D-FEM-19",
#   "method": "FEM",
#   "model": "linear elastic",
#   "publication": "https://doi.org/10.1021/acsbiomaterials.6b00558",
#   "software": "custom C++ code",
#   "solid_density": 1000.0,
#   "solid_density_unit": "kg m^-3",
#   "summary": "2D-axis-symmetric FEM simulation with a linear elastic model"
# }
# END METADATA
#
# area_um [um^2]	deform	emodulus [kPa]
3.61681e+01	5.72553e-02	9.30000e-01
3.69462e+01	5.88171e-02	9.30000e-01
3.74501e+01	5.98156e-02	9.30000e-01
3.83969e+01	6.17073e-02	9.30000e-01
3.88220e+01	6.26707e-02	9.30000e-01
3.97164e+01	6.45975e-02	9.30000e-01
4.01426e+01	6.55609e-02	9.30000e-01
4.10414e+01	6.74877e-02	9.30000e-01
4.14988e+01	6.84511e-02	9.30000e-01
4.22979e+01	7.03779e-02	9.30000e-01
4.27263e+01	7.13413e-02	9.30000e-01
4.35828e+01	7.32680e-02	9.30000e-01
4.38943e+01	7.42314e-02	9.30000e-01
4.46694e+01	7.61582e-02	9.30000e-01
4.51416e+01	7.73425e-02	9.30000e-01
4.58209e+01	7.90484e-02	9.30000e-01
4.64235e+01	8.05983e-02	9.30000e-01
4.69358e+01	8.19386e-02	9.30000e-01
4.76564e+01	8.38654e-02	9.30000e-01
4.80080e+01	8.48288e-02	9.30000e-01
4.87231e+01	8.67556e-02	9.30000e-01
4.90454e+01	8.77190e-02	9.30000e-01
4.96629e+01	8.96458e-02	9.30000e-01
5.02693e+01	9.13802e-02	9.30000e-01
5.06229e+01	9.25359e-02	9.30000e-01
5.11926e+01	9.44627e-02	9.30000e-01
5.15512e+01	9.57047e-02	9.30000e-01
5.20335e+01	9.73529e-02	9.30000e-01
5.26348e+01	9.92797e-02	9.30000e-01
5.29355e+01	1.00243e-01	9.30000e-01
5.34771e+01	1.02170e-01	9.30000e-01
5.40021e+01	1.04097e-01	9.30000e-01
5.42646e+01	1.05060e-01	9.30000e-01
5.47189e+01	1.06987e-01	9.30000e-01
5.51412e+01	1.08914e-01	9.30000e-01
5.53970e+01	1.10078e-01	9.30000e-01
5.58053e+01	1.11804e-01	9.30000e-01
5.62421e+01	1.13731e-01	9.30000e-01
5.66214e+01	1.15657e-01	9.30000e-01
5.68111e+01	1.16621e-01	9.30000e-01
5.71894e+01	1.18548e-01	9.30000e-01
5.75574e+01	1.20474e-01	9.30000e-01
5.79609e+01	1.21731e-01	9.30000e-01
5.90445e+01	1.23365e-01	9.30000e-01
5.99222e+01	1.24328e-01	9.30000e-01
6.08715e+01	1.25291e-01	9.30000e-01
6.18208e+01	1.26255e-01	9.30000e-01
6.30886e+01	1.27541e-01	9.30000e-01
6.43705e+01	1.28842e-01	9.30000e-01
6.56181e+01	1.30108e-01	9.30000e-01
6.65674e+01	1.31072e-01	9.30000e-01
6.75167e+01	1.32035e-01	9.30000e-01
6.84660e+01	1.32999e-01	9.30000e-01
6.94153e+01	1.33962e-01	9.30000e-01
3.48862e+01	3.35989e-02	1.16000e+00
3.59532e+01	3.47323e-02	1.16000e+00
3.68354e+01	3.56956e-02	1.16000e+00
3.77391e+01	3.66590e-02	1.16000e+00
3.87320e+01	3.77793e-02	1.16000e+00
4.00139e+01	3.92081e-02	1.16000e+00
4.10920e+01	4.05126e-02	1.16000e+00
4.19096e+01	4.14760e-02	1.16000e+00
4.26483e+01	4.24394e-02	1.16000e+00
4.38597e+01	4.38769e-02	1.16000e+00
4.50607e+01	4.53296e-02	1.16000e+00
4.58232e+01	4.62930e-02	1.16000e+00
4.65733e+01	4.72564e-02	1.16000e+00
4.77055e+01	4.86412e-02	1.16000e+00
4.88774e+01	5.01466e-02	1.16000e+00
4.96195e+01	5.11100e-02	1.16000e+00
5.03129e+01	5.20734e-02	1.16000e+00
5.15512e+01	5.37673e-02	1.16000e+00
5.23864e+01	5.49635e-02	1.16000e+00
5.30841e+01	5.59269e-02	1.16000e+00
5.41151e+01	5.73958e-02	1.16000e+00
5.51138e+01	5.88171e-02	1.16000e+00
5.57635e+01	5.97805e-02	1.16000e+00
5.66789e+01	6.11427e-02	1.16000e+00
5.76774e+01	6.26707e-02	1.16000e+00
5.82995e+01	6.36341e-02	1.16000e+00
5.92428e+01	6.51451e-02	1.16000e+00
6.01097e+01	6.65243e-02	1.16000e+00
6.06944e+01	6.74877e-02	1.16000e+00
6.18066e+01	6.93047e-02	1.16000e+00
6.24451e+01	7.03779e-02	1.16000e+00
6.30886e+01	7.14302e-02	1.16000e+00
6.41366e+01	7.32680e-02	1.16000e+00
6.46718e+01	7.42314e-02	1.16000e+00
6.56524e+01	7.60107e-02	1.16000e+00
6.62719e+01	7.71216e-02	1.16000e+00
6.69343e+01	7.83433e-02	1.16000e+00
6.77517e+01	8.00118e-02	1.16000e+00
6.82653e+01	8.09752e-02	1.16000e+00
6.92734e+01	8.29020e-02	1.16000e+00
6.97389e+01	8.38654e-02	1.16000e+00
7.06668e+01	8.57922e-02	1.16000e+00
7.11257e+01	8.67556e-02	1.16000e+00
7.20620e+01	8.86292e-02	1.16000e+00
7.25815e+01	8.96458e-02	1.16000e+00
7.33439e+01	9.15221e-02	1.16000e+00
7.37674e+01	9.25359e-02	1.16000e+00
7.46191e+01	9.44627e-02	1.16000e+00
7.50467e+01	9.54261e-02	1.16000e+00
7.58520e+01	9.73529e-02	1.16000e+00
7.62311e+01	9.83163e-02	1.16000e+00
7.69907e+01	1.00243e-01	1.16000e+00
7.73751e+01	1.01206e-01	1.16000e+00
7.81923e+01	1.03133e-01	1.16000e+00
7.85841e+01	1.04097e-01	1.16000e+00
7.91916e+01	1.06023e-01	1.16000e+00
7.97536e+01	1.07451e-01	1.16000e+00
8.03484e+01	1.08914e-01	1.16000e+00
8.09574e+01	1.10840e-01	1.16000e+00
8.12533e+01	1.11804e-01	1.16000e+00
8.18765e+01	1.13731e-01	1.16000e+00
8.23174e+01	1.14951e-01	1.16000e+00
8.29472e+01	1.16621e-01	1.16000e+00
8.35993e+01	1.18312e-01	1.16000e+00
8.40832e+01	1.19511e-01	1.16000e+00
8.48631e+01	1.21438e-01	1.16000e+00
8.52831e+01	1.22401e-01	1.16000e+00
8.61632e+01	1.23729e-01	1.16000e+00
8.71994e+01	1.25291e-01	1.16000e+00
8.78382e+01	1.26255e-01	1.16000e+00
8.87270e+01	1.27595e-01	1.16000e+00
8.97546e+01	1.29145e-01	1.16000e+00
9.03934e+01	1.30108e-01	1.16000e+00
9.12909e+01	1.31462e-01	1.16000e+00
9.23098e+01	1.32999e-01	1.16000e+00
9.29488e+01	1.33962e-01	1.16000e+00
9.38547e+01	1.35302e-01	1.16000e+00
9.49049e+01	1.36852e-01	1.16000e+00
9.55577e+01	1.37815e-01	1.16000e+00
9.64186e+01	1.39086e-01	1.16000e+00
9.75160e+01	1.40706e-01	1.16000e+00
9.81688e+01	1.41669e-01	1.16000e+00
9.89824e+01	1.42870e-01	1.16000e+00
1.00127e+02	1.44559e-01	1.16000e+00
1.00780e+02	1.45523e-01	1.16000e+00
1.01546e+02	1.46654e-01	1.16000e+00
1.02738e+02	1.48413e-01	1.16000e+00
1.03443e+02	1.49376e-01	1.16000e+00
1.04265e+02	1.50340e-01	1.16000e+00
1.05392e+02	1.51509e-01	1.16000e+00
1.06674e+02	1.52810e-01	1.16000e+00
1.07956e+02	1.54111e-01	1.16000e+00
1.08986e+02	1.55157e-01	1.16000e+00
1.09935e+02	1.56120e-01	1.16000e+00
3.48862e+01	2.26329e-02	1.40000e+00
3.61681e+01	2.35181e-02	1.40000e+00
3.74501e+01	2.44199e-02	1.40000e+00
3.87320e+01	2.52976e-02	1.40000e+00
4.00139e+01	2.62005e-02	1.40000e+00
4.12958e+01	2.72067e-02	1.40000e+00
4.25778e+01	2.82017e-02	1.40000e+00
4.38597e+01	2.91603e-02	1.40000e+00
4.51416e+01	3.01641e-02	1.40000e+00
4.64235e+01	3.11249e-02	1.40000e+00
4.77055e+01	3.21468e-02	1.40000e+00
4.89874e+01	3.31337e-02	1.40000e+00
5.02693e+01	3.42014e-02	1.40000e+00
5.15512e+01	3.53230e-02	1.40000e+00
5.28332e+01	3.64216e-02	1.40000e+00
5.41151e+01	3.75165e-02	1.40000e+00
5.53574e+01	3.85858e-02	1.40000e+00
5.64773e+01	3.95492e-02	1.40000e+00
5.75636e+01	4.05126e-02	1.40000e+00
5.86350e+01	4.14760e-02	1.40000e+00
5.97095e+01	4.24394e-02	1.40000e+00
6.07512e+01	4.34028e-02	1.40000e+00
6.18066e+01	4.43794e-02	1.40000e+00
6.30886e+01	4.55571e-02	1.40000e+00
6.43705e+01	4.68907e-02	1.40000e+00
6.56524e+01	4.81595e-02	1.40000e+00
6.66303e+01	4.91832e-02	1.40000e+00
6.76469e+01	5.01466e-02	1.40000e+00
6.85819e+01	5.11100e-02	1.40000e+00
6.95059e+01	5.20734e-02	1.40000e+00
7.07801e+01	5.33869e-02	1.40000e+00
7.20620e+01	5.47847e-02	1.40000e+00
7.32111e+01	5.59269e-02	1.40000e+00
7.40432e+01	5.68903e-02	1.40000e+00
7.48866e+01	5.78537e-02	1.40000e+00
7.59078e+01	5.89800e-02	1.40000e+00
7.71897e+01	6.04909e-02	1.40000e+00
7.82042e+01	6.17073e-02	1.40000e+00
7.90243e+01	6.26707e-02	1.40000e+00
7.98004e+01	6.36341e-02	1.40000e+00
8.10355e+01	6.51478e-02	1.40000e+00
8.21183e+01	6.65243e-02	1.40000e+00
8.28640e+01	6.74877e-02	1.40000e+00
8.35993e+01	6.84718e-02	1.40000e+00
8.48813e+01	7.02617e-02	1.40000e+00
8.56445e+01	7.13413e-02	1.40000e+00
8.63419e+01	7.23046e-02	1.40000e+00
8.74451e+01	7.38399e-02	1.40000e+00
8.83878e+01	7.51948e-02	1.40000e+00
8.90981e+01	7.61582e-02	1.40000e+00
9.00090e+01	7.74589e-02	1.40000e+00
9.10969e+01	7.90484e-02	1.40000e+00
9.17689e+01	8.00118e-02	1.40000e+00
9.25728e+01	8.12082e-02	1.40000e+00
9.36938e+01	8.29020e-02	1.40000e+00
9.43220e+01	8.38654e-02	1.40000e+00
9.51367e+01	8.51753e-02	1.40000e+00
9.61210e+01	8.67556e-02	1.40000e+00
9.67137e+01	8.77190e-02	1.40000e+00
9.77005e+01	8.93836e-02	1.40000e+00
9.84449e+01	9.06092e-02	1.40000e+00
9.90301e+01	9.15725e-02	1.40000e+00
1.00102e+02	9.34993e-02	1.40000e+00
1.00655e+02	9.44627e-02	1.40000e+00
1.01546e+02	9.60142e-02	1.40000e+00
1.02276e+02	9.73529e-02	1.40000e+00
1.02828e+02	9.83744e-02	1.40000e+00
1.03852e+02	1.00243e-01	1.40000e+00
1.04379e+02	1.01206e-01	1.40000e+00
1.05369e+02	1.03133e-01	1.40000e+00
1.05907e+02	1.04097e-01	1.40000e+00
1.06674e+02	1.05465e-01	1.40000e+00
1.07460e+02	1.06987e-01	1.40000e+00
1.07956e+02	1.08058e-01	1.40000e+00
1.08857e+02	1.09877e-01	1.40000e+00
1.09342e+02	1.10840e-01	1.40000e+00
1.10304e+02	1.12767e-01	1.40000e+00
1.10774e+02	1.13731e-01	1.40000e+00
1.11716e+02	1.15657e-01	1.40000e+00
1.12187e+02	1.16621e-01	1.40000e+00
1.13084e+02	1.18457e-01	1.40000e+00
1.13541e+02	1.19511e-01	1.40000e+00
1.14366e+02	1.21396e-01	1.40000e+00
1.14836e+02	1.22401e-01	1.40000e+00
1.15647e+02	1.24136e-01	1.40000e+00
1.16188e+02	1.25291e-01	1.40000e+00
1.16929e+02	1.26738e-01	1.40000e+00
1.17722e+02	1.28182e-01	1.40000e+00
1.18264e+02	1.29145e-01	1.40000e+00
1.19393e+02	1.31072e-01	1.40000e+00
1.20001e+02	1.32035e-01	1.40000e+00
1.20775e+02	1.33263e-01	1.40000e+00
1.21824e+02	1.34925e-01	1.40000e+00
1.22431e+02	1.35889e-01	1.40000e+00
1.23339e+02	1.37328e-01	1.40000e+00
1.24272e+02	1.38779e-01	1.40000e+00
1.24910e+02	1.39742e-01	1.40000e+00
1.25903e+02	1.41239e-01	1.40000e+00
1.26827e+02	1.42632e-01	1.40000e+00
1.27466e+02	1.43596e-01	1.40000e+00
1.28467e+02	1.45106e-01	1.40000e+00
1.29386e+02	1.46486e-01	1.40000e+00
1.30039e+02	1.47449e-01	1.40000e+00
1.31031e+02	1.48913e-01	1.40000e+00
1.31997e+02	1.50340e-01	1.40000e+00
1.32650e+02	1.51303e-01	1.40000e+00
1.33594e+02	1.52697e-01	1.40000e+00
1.34608e+02	1.54193e-01	1.40000e+00
1.35261e+02	1.55157e-01	1.40000e+00
1.36158e+02	1.56481e-01	1.40000e+00
1.37220e+02	1.58047e-01	1.40000e+00
1.37872e+02	1.59010e-01	1.40000e+00
1.38722e+02	1.60264e-01	1.40000e+00
1.39831e+02	1.61900e-01	1.40000e+00
1.40483e+02	1.62864e-01	1.40000e+00
1.41286e+02	1.64048e-01	1.40000e+00
1.42442e+02	1.65754e-01	1.40000e+00
1.43095e+02	1.66717e-01	1.40000e+00
1.43850e+02	1.67832e-01	1.40000e+00
1.45053e+02	1.69608e-01	1.40000e+00
1.45706e+02	1.70571e-01	1.40000e+00
1.46414e+02	1.71616e-01	1.40000e+00
1.47664e+02	1.73461e-01	1.40000e+00
3.48862e+01	1.57678e-02	1.67000e+00
3.63266e+01	1.64278e-02	1.67000e+00
3.83658e+01	1.73911e-02	1.67000e+00
4.00139e+01	1.81803e-02	1.67000e+00
4.12958e+01	1.88742e-02	1.67000e+00
4.25778e+01	1.95320e-02	1.67000e+00
4.40594e+01	2.02813e-02	1.67000e+00
4.59459e+01	2.12447e-02	1.67000e+00
4.77055e+01	2.21566e-02	1.67000e+00
4.89874e+01	2.28094e-02	1.67000e+00
5.02693e+01	2.35472e-02	1.67000e+00
5.15512e+01	2.43016e-02	1.67000e+00
5.29989e+01	2.50983e-02	1.67000e+00
5.47051e+01	2.60617e-02	1.67000e+00
5.64207e+01	2.70251e-02	1.67000e+00
5.79609e+01	2.79164e-02	1.67000e+00
5.92428e+01	2.86687e-02	1.67000e+00
6.05247e+01	2.94303e-02	1.67000e+00
6.18066e+01	3.01856e-02	1.67000e+00
6.30886e+01	3.09096e-02	1.67000e+00
6.44212e+01	3.18421e-02	1.67000e+00
6.59253e+01	3.28055e-02	1.67000e+00
6.74867e+01	3.37689e-02	1.67000e+00
6.90242e+01	3.47323e-02	1.67000e+00
7.04743e+01	3.56956e-02	1.67000e+00
7.19258e+01	3.66590e-02	1.67000e+00
7.33439e+01	3.75813e-02	1.67000e+00
7.46259e+01	3.84680e-02	1.67000e+00
7.59078e+01	3.93703e-02	1.67000e+00
7.71897e+01	4.02981e-02	1.67000e+00
7.84716e+01	4.12633e-02	1.67000e+00
7.97536e+01	4.22110e-02	1.67000e+00
8.10355e+01	4.31930e-02	1.67000e+00
8.23174e+01	4.42110e-02	1.67000e+00
8.35993e+01	4.52384e-02	1.67000e+00
8.48813e+01	4.62847e-02	1.67000e+00
8.61176e+01	4.72564e-02	1.67000e+00
8.73614e+01	4.82198e-02	1.67000e+00
8.85432e+01	4.91832e-02	1.67000e+00
8.97351e+01	5.01466e-02	1.67000e+00
9.08512e+01	5.11100e-02	1.67000e+00
9.19607e+01	5.20734e-02	1.67000e+00
9.30269e+01	5.30368e-02	1.67000e+00
9.40810e+01	5.40001e-02	1.67000e+00
9.51515e+01	5.49635e-02	1.67000e+00
9.64186e+01	5.61317e-02	1.67000e+00
9.77005e+01	5.73086e-02	1.67000e+00
9.89824e+01	5.85079e-02	1.67000e+00
1.00264e+02	5.97493e-02	1.67000e+00
1.01300e+02	6.07439e-02	1.67000e+00
1.02329e+02	6.17073e-02	1.67000e+00
1.03301e+02	6.26707e-02	1.67000e+00
1.04259e+02	6.36341e-02	1.67000e+00
1.05392e+02	6.47732e-02	1.67000e+00
1.06674e+02	6.61008e-02	1.67000e+00
1.07956e+02	6.74513e-02	1.67000e+00
1.08867e+02	6.84511e-02	1.67000e+00
1.09739e+02	6.94145e-02	1.67000e+00
1.10615e+02	7.03779e-02	1.67000e+00
1.11802e+02	7.16070e-02	1.67000e+00
1.13084e+02	7.30120e-02	1.67000e+00
1.14155e+02	7.42314e-02	1.67000e+00
1.15001e+02	7.51948e-02	1.67000e+00
1.15854e+02	7.61582e-02	1.67000e+00
1.16929e+02	7.73958e-02	1.67000e+00
1.18211e+02	7.89073e-02	1.67000e+00
1.19137e+02	8.00118e-02	1.67000e+00
1.19954e+02	8.09752e-02	1.67000e+00
1.20775e+02	8.19524e-02	1.67000e+00
1.22057e+02	8.35127e-02	1.67000e+00
1.23146e+02	8.48288e-02	1.67000e+00
1.23912e+02	8.57922e-02	1.67000e+00
1.24677e+02	8.67556e-02	1.67000e+00
1.25903e+02	8.82764e-02	1.67000e+00
1.26973e+02	8.96458e-02	1.67000e+00
1.27707e+02	9.06092e-02	1.67000e+00
1.28467e+02	9.16082e-02	1.67000e+00
1.29749e+02	9.32972e-02	1.67000e+00
1.30635e+02	9.44627e-02	1.67000e+00
1.31370e+02	9.54261e-02	1.67000e+00
1.32312e+02	9.66760e-02	1.67000e+00
1.33491e+02	9.83163e-02	1.67000e+00
1.34191e+02	9.92797e-02	1.67000e+00
1.34893e+02	1.00243e-01	1.67000e+00
1.36158e+02	1.01999e-01	1.67000e+00
1.36983e+02	1.03133e-01	1.67000e+00
1.37700e+02	1.04097e-01	1.67000e+00
1.38722e+02	1.05476e-01	1.67000e+00
1.39780e+02	1.06987e-01	1.67000e+00
1.40470e+02	1.07950e-01	1.67000e+00
1.41286e+02	1.09068e-01	1.67000e+00
1.42568e+02	1.10830e-01	1.67000e+00
1.43243e+02	1.11804e-01	1.67000e+00
1.43921e+02	1.12767e-01	1.67000e+00
1.45132e+02	1.14462e-01	1.67000e+00
1.45985e+02	1.15657e-01	1.67000e+00
1.46651e+02	1.16621e-01	1.67000e+00
1.47696e+02	1.18141e-01	1.67000e+00
1.48627e+02	1.19511e-01	1.67000e+00
1.49268e+02	1.20474e-01	1.67000e+00
1.50259e+02	1.21964e-01	1.67000e+00
1.51244e+02	1.23365e-01	1.67000e+00
1.51956e+02	1.24328e-01	1.67000e+00
1.52823e+02	1.25496e-01	1.67000e+00
1.54029e+02	1.27218e-01	1.67000e+00
1.54651e+02	1.28182e-01	1.67000e+00
1.55387e+02	1.29299e-01	1.67000e+00
1.56570e+02	1.31072e-01	1.67000e+00
1.57250e+02	1.32035e-01	1.67000e+00
1.57990e+02	1.32999e-01	1.67000e+00
1.59233e+02	1.34616e-01	1.67000e+00
1.60210e+02	1.35889e-01	1.67000e+00
1.60951e+02	1.36852e-01	1.67000e+00
1.61797e+02	1.37949e-01	1.67000e+00
1.63079e+02	1.39556e-01	1.67000e+00
1.63999e+02	1.40706e-01	1.67000e+00
1.64771e+02	1.41669e-01	1.67000e+00
1.65642e+02	1.42758e-01	1.67000e+00
1.66924e+02	1.44422e-01	1.67000e+00
1.67662e+02	1.45523e-01	1.67000e+00
1.68288e+02	1.46486e-01	1.67000e+00
1.69488e+02	1.48335e-01	1.67000e+00
1.70165e+02	1.49376e-01	1.67000e+00
1.70850e+02	1.50340e-01	1.67000e+00
1.72052e+02	1.51828e-01	1.67000e+00
1.73185e+02	1.53230e-01	1.67000e+00
1.73963e+02	1.54193e-01	1.67000e+00
1.74646e+02	1.55157e-01	1.67000e+00
1.75898e+02	1.57005e-01	1.67000e+00
1.76712e+02	1.58047e-01	1.67000e+00
1.77469e+02	1.59010e-01	1.67000e+00
1.78462e+02	1.60273e-01	1.67000e+00
1.79740e+02	1.61900e-01	1.67000e+00
1.80497e+02	1.62864e-01	1.67000e+00
1.81254e+02	1.63827e-01	1.67000e+00
1.82307e+02	1.65168e-01	1.67000e+00
1.83525e+02	1.66717e-01	1.67000e+00
1.84281e+02	1.67681e-01	1.67000e+00
1.85038e+02	1.68644e-01	1.67000e+00
1.86153e+02	1.70063e-01	1.67000e+00
1.87309e+02	1.71534e-01	1.67000e+00
1.88066e+02	1.72498e-01	1.67000e+00
1.88825e+02	1.73461e-01	1.67000e+00
1.89999e+02	1.74759e-01	1.67000e+00
1.91281e+02	1.76036e-01	1.67000e+00
3.48862e+01	1.10856e-02	1.99000e+00
3.66116e+01	1.16108e-02	1.99000e+00
3.87320e+01	1.22959e-02	1.99000e+00
4.00139e+01	1.27126e-02	1.99000e+00
4.23015e+01	1.35376e-02	1.99000e+00
4.38597e+01	1.40875e-02	1.99000e+00
4.51416e+01	1.45635e-02	1.99000e+00
4.77055e+01	1.54243e-02	1.99000e+00
4.89874e+01	1.58534e-02	1.99000e+00
5.03734e+01	1.64278e-02	1.99000e+00
5.28293e+01	1.73911e-02	1.99000e+00
5.41151e+01	1.78868e-02	1.99000e+00
5.53970e+01	1.83566e-02	1.99000e+00
5.79214e+01	1.93179e-02	1.99000e+00
5.92428e+01	1.98531e-02	1.99000e+00
6.05247e+01	2.03556e-02	1.99000e+00
6.28344e+01	2.12447e-02	1.99000e+00
6.43705e+01	2.19310e-02	1.99000e+00
6.56524e+01	2.25219e-02	1.99000e+00
6.72732e+01	2.31715e-02	1.99000e+00
6.94982e+01	2.40980e-02	1.99000e+00
7.07801e+01	2.46759e-02	1.99000e+00
7.20620e+01	2.51954e-02	1.99000e+00
7.40354e+01	2.60617e-02	1.99000e+00
7.59078e+01	2.69178e-02	1.99000e+00
7.71897e+01	2.75634e-02	1.99000e+00
7.84716e+01	2.81905e-02	1.99000e+00
8.00322e+01	2.89519e-02	1.99000e+00
8.19016e+01	2.99153e-02	1.99000e+00
8.35993e+01	3.07899e-02	1.99000e+00
8.48813e+01	3.14515e-02	1.99000e+00
8.61632e+01	3.20951e-02	1.99000e+00
8.75825e+01	3.28055e-02	1.99000e+00
8.94089e+01	3.37689e-02	1.99000e+00
9.11366e+01	3.47323e-02	1.99000e+00
9.25728e+01	3.55907e-02	1.99000e+00
9.38547e+01	3.63434e-02	1.99000e+00
9.51367e+01	3.70803e-02	1.99000e+00
9.64186e+01	3.77762e-02	1.99000e+00
9.78325e+01	3.85858e-02	1.99000e+00
9.94030e+01	3.95492e-02	1.99000e+00
1.01002e+02	4.05126e-02	1.99000e+00
1.02577e+02	4.14760e-02	1.99000e+00
1.04107e+02	4.24394e-02	1.99000e+00
1.05392e+02	4.32656e-02	1.99000e+00
1.06674e+02	4.41222e-02	1.99000e+00
1.07956e+02	4.50186e-02	1.99000e+00
1.09238e+02	4.58475e-02	1.99000e+00
1.10520e+02	4.66571e-02	1.99000e+00
1.11802e+02	4.75478e-02	1.99000e+00
1.13084e+02	4.84638e-02	1.99000e+00
1.14366e+02	4.93546e-02	1.99000e+00
1.15647e+02	5.02570e-02	1.99000e+00
1.16929e+02	5.11827e-02	1.99000e+00
1.18211e+02	5.21077e-02	1.99000e+00
1.19493e+02	5.30566e-02	1.99000e+00
1.20775e+02	5.40018e-02	1.99000e+00
1.22057e+02	5.49745e-02	1.99000e+00
1.23339e+02	5.59518e-02	1.99000e+00
1.24621e+02	5.69960e-02	1.99000e+00
1.25903e+02	5.80294e-02	1.99000e+00
1.27185e+02	5.90573e-02	1.99000e+00
1.28467e+02	6.00950e-02	1.99000e+00
1.29749e+02	6.11529e-02	1.99000e+00
1.31031e+02	6.22181e-02	1.99000e+00
1.32312e+02	6.32738e-02	1.99000e+00
1.33594e+02	6.43427e-02	1.99000e+00
1.34876e+02	6.54143e-02	1.99000e+00
1.36158e+02	6.65018e-02	1.99000e+00
1.37310e+02	6.74877e-02	1.99000e+00
1.38400e+02	6.84511e-02	1.99000e+00
1.39496e+02	6.94145e-02	1.99000e+00
1.40558e+02	7.03779e-02	1.99000e+00
1.41600e+02	7.13413e-02	1.99000e+00
1.42638e+02	7.23046e-02	1.99000e+00
1.43850e+02	7.34058e-02	1.99000e+00
1.45132e+02	7.45799e-02	1.99000e+00
1.46414e+02	7.57497e-02	1.99000e+00
1.47696e+02	7.69218e-02	1.99000e+00
1.48946e+02	7.80850e-02	1.99000e+00
1.49991e+02	7.90484e-02	1.99000e+00
1.51040e+02	8.00118e-02	1.99000e+00
1.52083e+02	8.09752e-02	1.99000e+00
1.53093e+02	8.19386e-02	1.99000e+00
1.54105e+02	8.29280e-02	1.99000e+00
1.55387e+02	8.41827e-02	1.99000e+00
1.56669e+02	8.54165e-02	1.99000e+00
1.57951e+02	8.66757e-02	1.99000e+00
1.59007e+02	8.77190e-02	1.99000e+00
1.59984e+02	8.86824e-02	1.99000e+00
1.60961e+02	8.96458e-02	1.99000e+00
1.61936e+02	9.06092e-02	1.99000e+00
1.63079e+02	9.17401e-02	1.99000e+00
1.64361e+02	9.30194e-02	1.99000e+00
1.65642e+02	9.43176e-02	1.99000e+00
1.66752e+02	9.54261e-02	1.99000e+00
1.67722e+02	9.63895e-02	1.99000e+00
1.68686e+02	9.73529e-02	1.99000e+00
1.69650e+02	9.83163e-02	1.99000e+00
1.70770e+02	9.94140e-02	1.99000e+00
1.72052e+02	1.00710e-01	1.99000e+00
1.73334e+02	1.02010e-01	1.99000e+00
1.74465e+02	1.03133e-01	1.99000e+00
1.75455e+02	1.04097e-01	1.99000e+00
1.76446e+02	1.05060e-01	1.99000e+00
1.77437e+02	1.06023e-01	1.99000e+00
1.78462e+02	1.07026e-01	1.99000e+00
1.79744e+02	1.08299e-01	1.99000e+00
1.81026e+02	1.09571e-01	1.99000e+00
1.82307e+02	1.10827e-01	1.99000e+00
1.83283e+02	1.11804e-01	1.99000e+00
1.84243e+02	1.12767e-01	1.99000e+00
1.85203e+02	1.13731e-01	1.99000e+00
1.86182e+02	1.14694e-01	1.99000e+00
1.87435e+02	1.15906e-01	1.99000e+00
1.88717e+02	1.17152e-01	1.99000e+00
1.89999e+02	1.18397e-01	1.99000e+00
1.91179e+02	1.19511e-01	1.99000e+00
1.92183e+02	1.20474e-01	1.99000e+00
1.93188e+02	1.21438e-01	1.99000e+00
1.94197e+02	1.22401e-01	1.99000e+00
1.95232e+02	1.23365e-01	1.99000e+00
1.96409e+02	1.24455e-01	1.99000e+00
1.97691e+02	1.25640e-01	1.99000e+00
1.98972e+02	1.26822e-01	1.99000e+00
2.00254e+02	1.27996e-01	1.99000e+00
2.01496e+02	1.29145e-01	1.99000e+00
2.02537e+02	1.30108e-01	1.99000e+00
2.03633e+02	1.31072e-01	1.99000e+00
2.04748e+02	1.32035e-01	1.99000e+00
2.05846e+02	1.32999e-01	1.99000e+00
2.06891e+02	1.33962e-01	1.99000e+00
2.07954e+02	1.34925e-01	1.99000e+00
2.09228e+02	1.36038e-01	1.99000e+00
2.10510e+02	1.37122e-01	1.99000e+00
2.11792e+02	1.38088e-01	1.99000e+00
2.13074e+02	1.39116e-01	1.99000e+00
2.14356e+02	1.40323e-01	1.99000e+00
2.15638e+02	1.41542e-01	1.99000e+00
2.16784e+02	1.42632e-01	1.99000e+00
2.17774e+02	1.43596e-01	1.99000e+00
2.18733e+02	1.44559e-01	1.99000e+00
2.19881e+02	1.45523e-01	1.99000e+00
2.21278e+02	1.46486e-01	1.99000e+00
2.22675e+02	1.47449e-01	1.99000e+00
2.24072e+02	1.48413e-01	1.99000e+00
2.25469e+02	1.49376e-01	1.99000e+00
2.26866e+02	1.50340e-01	1.99000e+00
2.28263e+02	1.51303e-01	1.99000e+00
2.29559e+02	1.52266e-01	1.99000e+00
2.30454e+02	1.53230e-01	1.99000e+00
2.31401e+02	1.54193e-01	1.99000e+00
2.32672e+02	1.55157e-01	1.99000e+00
2.34046e+02	1.56120e-01	1.99000e+00
3.48862e+01	7.64121e-03	2.40000e+00
3.61681e+01	7.89538e-03	2.40000e+00
3.87320e+01	8.45025e-03	2.40000e+00
4.00154e+01	8.72060e-03	2.40000e+00
4.25778e+01	9.36228e-03	2.40000e+00
4.40153e+01	9.68399e-03	2.40000e+00
4.64235e+01	1.02428e-02	2.40000e+00
4.82054e+01	1.06474e-02	2.40000e+00
5.02693e+01	1.12236e-02	2.40000e+00
5.17725e+01	1.16108e-02	2.40000e+00
5.41151e+01	1.22200e-02	2.40000e+00
5.56194e+01	1.25742e-02	2.40000e+00
5.79609e+01	1.31841e-02	2.40000e+00
5.93462e+01	1.35376e-02	2.40000e+00
6.18066e+01	1.41521e-02	2.40000e+00
6.30886e+01	1.45274e-02	2.40000e+00
6.56524e+01	1.52799e-02	2.40000e+00
6.69343e+01	1.56255e-02	2.40000e+00
6.94982e+01	1.63153e-02	2.40000e+00
7.07801e+01	1.66783e-02	2.40000e+00
7.33439e+01	1.73881e-02	2.40000e+00
7.46259e+01	1.77771e-02	2.40000e+00
7.64533e+01	1.83545e-02	2.40000e+00
7.84716e+01	1.90106e-02	2.40000e+00
7.97536e+01	1.94338e-02	2.40000e+00
8.23174e+01	2.02791e-02	2.40000e+00
8.35993e+01	2.07121e-02	2.40000e+00
8.52520e+01	2.12447e-02	2.40000e+00
8.74451e+01	2.19702e-02	2.40000e+00
8.87270e+01	2.24142e-02	2.40000e+00
9.07454e+01	2.31715e-02	2.40000e+00
9.25728e+01	2.38857e-02	2.40000e+00
9.38547e+01	2.43528e-02	2.40000e+00
9.60254e+01	2.50983e-02	2.40000e+00
9.77005e+01	2.57814e-02	2.40000e+00
9.89824e+01	2.62554e-02	2.40000e+00
1.01026e+02	2.70251e-02	2.40000e+00
1.02828e+02	2.77574e-02	2.40000e+00
1.04110e+02	2.82785e-02	2.40000e+00
1.05638e+02	2.89519e-02	2.40000e+00
1.07956e+02	2.99068e-02	2.40000e+00
1.09238e+02	3.04486e-02	2.40000e+00
1.10520e+02	3.10231e-02	2.40000e+00
1.12371e+02	3.18421e-02	2.40000e+00
1.14366e+02	3.27414e-02	2.40000e+00
1.15647e+02	3.33367e-02	2.40000e+00
1.16929e+02	3.39217e-02	2.40000e+00
1.18652e+02	3.47323e-02	2.40000e+00
1.20640e+02	3.56956e-02	2.40000e+00
1.22057e+02	3.63986e-02	2.40000e+00
1.23339e+02	3.70430e-02	2.40000e+00
1.24621e+02	3.76818e-02	2.40000e+00
1.26363e+02	3.85858e-02	2.40000e+00
1.28214e+02	3.95492e-02	2.40000e+00
1.29749e+02	4.03486e-02	2.40000e+00
1.31031e+02	4.10282e-02	2.40000e+00
1.32312e+02	4.17107e-02	2.40000e+00
1.33628e+02	4.24394e-02	2.40000e+00
1.35368e+02	4.34028e-02	2.40000e+00
1.37024e+02	4.43662e-02	2.40000e+00
1.38650e+02	4.53296e-02	2.40000e+00
1.40004e+02	4.61129e-02	2.40000e+00
1.41286e+02	4.68646e-02	2.40000e+00
1.42568e+02	4.76128e-02	2.40000e+00
1.43850e+02	4.83476e-02	2.40000e+00
1.45282e+02	4.91832e-02	2.40000e+00
1.46855e+02	5.01466e-02	2.40000e+00
1.48416e+02	5.11100e-02	2.40000e+00
1.49910e+02	5.20734e-02	2.40000e+00
1.51422e+02	5.30368e-02	2.40000e+00
1.52823e+02	5.39532e-02	2.40000e+00
1.54105e+02	5.47733e-02	2.40000e+00
1.55387e+02	5.56080e-02	2.40000e+00
1.56669e+02	5.64661e-02	2.40000e+00
1.57951e+02	5.73116e-02	2.40000e+00
1.59233e+02	5.81842e-02	2.40000e+00
1.60515e+02	5.90410e-02	2.40000e+00
1.61797e+02	5.99058e-02	2.40000e+00
1.63079e+02	6.07817e-02	2.40000e+00
1.64453e+02	6.17073e-02	2.40000e+00
1.65867e+02	6.26707e-02	2.40000e+00
1.67290e+02	6.36341e-02	2.40000e+00
1.68637e+02	6.45975e-02	2.40000e+00
1.70012e+02	6.55609e-02	2.40000e+00
1.71365e+02	6.65243e-02	2.40000e+00
1.72670e+02	6.74877e-02	2.40000e+00
1.74012e+02	6.84511e-02	2.40000e+00
1.75311e+02	6.94145e-02	2.40000e+00
1.76638e+02	7.03779e-02	2.40000e+00
1.78000e+02	7.13413e-02	2.40000e+00
1.79327e+02	7.23046e-02	2.40000e+00
1.80666e+02	7.32680e-02	2.40000e+00
1.81973e+02	7.42314e-02	2.40000e+00
1.83252e+02	7.51948e-02	2.40000e+00
1.84586e+02	7.61582e-02	2.40000e+00
1.85869e+02	7.71216e-02	2.40000e+00
1.87140e+02	7.80850e-02	2.40000e+00
1.88466e+02	7.90484e-02	2.40000e+00
1.89709e+02	8.00118e-02	2.40000e+00
1.90948e+02	8.09752e-02	2.40000e+00
1.92255e+02	8.19386e-02	2.40000e+00
1.93554e+02	8.29020e-02	2.40000e+00
1.94876e+02	8.38654e-02	2.40000e+00
1.96211e+02	8.48288e-02	2.40000e+00
1.97471e+02	8.57922e-02	2.40000e+00
1.98693e+02	8.67556e-02	2.40000e+00
1.99962e+02	8.77190e-02	2.40000e+00
2.01248e+02	8.86824e-02	2.40000e+00
2.02577e+02	8.96458e-02	2.40000e+00
2.03933e+02	9.06092e-02	2.40000e+00
2.05263e+02	9.15725e-02	2.40000e+00
2.06555e+02	9.25359e-02	2.40000e+00
2.07843e+02	9.34993e-02	2.40000e+00
2.09124e+02	9.44627e-02	2.40000e+00
2.10428e+02	9.54261e-02	2.40000e+00
2.11735e+02	9.63895e-02	2.40000e+00
2.13040e+02	9.73529e-02	2.40000e+00
2.14354e+02	9.83163e-02	2.40000e+00
2.15638e+02	9.92502e-02	2.40000e+00
2.16919e+02	1.00183e-01	2.40000e+00
2.18201e+02	1.01117e-01	2.40000e+00
2.19483e+02	1.02037e-01	2.40000e+00
2.20765e+02	1.02956e-01	2.40000e+00
2.22047e+02	1.03882e-01	2.40000e+00
2.23329e+02	1.04780e-01	2.40000e+00
2.24611e+02	1.05673e-01	2.40000e+00
2.25893e+02	1.06566e-01	2.40000e+00
2.27175e+02	1.07457e-01	2.40000e+00
2.28457e+02	1.08347e-01	2.40000e+00
2.29739e+02	1.09237e-01	2.40000e+00
2.31021e+02	1.10128e-01	2.40000e+00
2.32303e+02	1.11025e-01	2.40000e+00
2.33584e+02	1.11922e-01	2.40000e+00
2.34866e+02	1.12818e-01	2.40000e+00
2.36225e+02	1.13731e-01	2.40000e+00
2.37750e+02	1.14694e-01	2.40000e+00
2.39278e+02	1.15657e-01	2.40000e+00
2.40790e+02	1.16621e-01	2.40000e+00
2.42287e+02	1.17584e-01	2.40000e+00
2.43778e+02	1.18548e-01	2.40000e+00
2.45122e+02	1.19422e-01	2.40000e+00
2.46404e+02	1.20306e-01	2.40000e+00
2.47686e+02	1.21191e-01	2.40000e+00
2.48968e+02	1.22023e-01	2.40000e+00
2.50249e+02	1.22747e-01	2.40000e+00
2.51531e+02	1.23496e-01	2.40000e+00
2.52813e+02	1.24334e-01	2.40000e+00
2.54355e+02	1.25291e-01	2.40000e+00
2.56065e+02	1.26255e-01	2.40000e+00
2.57631e+02	1.27218e-01	2.40000e+00
2.59210e+02	1.28182e-01	2.40000e+00
2.60505e+02	1.28891e-01	2.40000e+00
2.61787e+02	1.29594e-01	2.40000e+00
2.63069e+02	1.30319e-01	2.40000e+00
2.64416e+02	1.31072e-01	2.40000e+00
2.66197e+02	1.32035e-01	2.40000e+00
2.67977e+02	1.32999e-01	2.40000e+00
2.69478e+02	1.33816e-01	2.40000e+00
2.70760e+02	1.34506e-01	2.40000e+00
2.72042e+02	1.35198e-01	2.40000e+00
2.73341e+02	1.35889e-01	2.40000e+00
2.74950e+02	1.36852e-01	2.40000e+00
2.75888e+02	1.37442e-01	2.40000e+00
3.48862e+01	5.19180e-03	2.93000e+00
3.74501e+01	5.53746e-03	2.93000e+00
3.97566e+01	5.83041e-03	2.93000e+00
4.12958e+01	6.10151e-03	2.93000e+00
4.38597e+01	6.50388e-03	2.93000e+00
4.59559e+01	6.79381e-03	2.93000e+00
4.77055e+01	7.08094e-03	2.93000e+00
5.02693e+01	7.53402e-03	2.93000e+00
5.16270e+01	7.75720e-03	2.93000e+00
5.41151e+01	8.19414e-03	2.93000e+00
5.66789e+01	8.59115e-03	2.93000e+00
5.79609e+01	8.80745e-03	2.93000e+00
6.05247e+01	9.25957e-03	2.93000e+00
6.30566e+01	9.68399e-03	2.93000e+00
6.43705e+01	9.95799e-03	2.93000e+00
6.69343e+01	1.04133e-02	2.93000e+00
6.84176e+01	1.06474e-02	2.93000e+00
7.07801e+01	1.10902e-02	2.93000e+00
7.33439e+01	1.15446e-02	2.93000e+00
7.46259e+01	1.17949e-02	2.93000e+00
7.71897e+01	1.23472e-02	2.93000e+00
7.84716e+01	1.25993e-02	2.93000e+00
8.10355e+01	1.31690e-02	2.93000e+00
8.28641e+01	1.35376e-02	2.93000e+00
8.48813e+01	1.39763e-02	2.93000e+00
8.73738e+01	1.45010e-02	2.93000e+00
8.87270e+01	1.48274e-02	2.93000e+00
9.12219e+01	1.54644e-02	2.93000e+00
9.25728e+01	1.57955e-02	2.93000e+00
9.51367e+01	1.63272e-02	2.93000e+00
9.64186e+01	1.66785e-02	2.93000e+00
9.89824e+01	1.72760e-02	2.93000e+00
1.00264e+02	1.75998e-02	2.93000e+00
1.02828e+02	1.82601e-02	2.93000e+00
1.04110e+02	1.86248e-02	2.93000e+00
1.06674e+02	1.93056e-02	2.93000e+00
1.07956e+02	1.96481e-02	2.93000e+00
1.10179e+02	2.02813e-02	2.93000e+00
1.11802e+02	2.07490e-02	2.93000e+00
1.13546e+02	2.12447e-02	2.93000e+00
1.15647e+02	2.18698e-02	2.93000e+00
1.16929e+02	2.22494e-02	2.93000e+00
1.19493e+02	2.30392e-02	2.93000e+00
1.20775e+02	2.34461e-02	2.93000e+00
1.22938e+02	2.41349e-02	2.93000e+00
1.24621e+02	2.46928e-02	2.93000e+00
1.25903e+02	2.51109e-02	2.93000e+00
1.28467e+02	2.59734e-02	2.93000e+00
1.29749e+02	2.64131e-02	2.93000e+00
1.31525e+02	2.70251e-02	2.93000e+00
1.33594e+02	2.77806e-02	2.93000e+00
1.34876e+02	2.82667e-02	2.93000e+00
1.36744e+02	2.89519e-02	2.93000e+00
1.38722e+02	2.96821e-02	2.93000e+00
1.40004e+02	3.01535e-02	2.93000e+00
1.41864e+02	3.08787e-02	2.93000e+00
1.43850e+02	3.16627e-02	2.93000e+00
1.45132e+02	3.21800e-02	2.93000e+00
1.46667e+02	3.28055e-02	2.93000e+00
1.48976e+02	3.37689e-02	2.93000e+00
1.50259e+02	3.43111e-02	2.93000e+00
1.51541e+02	3.48502e-02	2.93000e+00
1.53510e+02	3.56956e-02	2.93000e+00
1.55387e+02	3.65152e-02	2.93000e+00
1.56669e+02	3.70864e-02	2.93000e+00
1.57951e+02	3.76610e-02	2.93000e+00
1.60007e+02	3.85858e-02	2.93000e+00
1.61797e+02	3.93901e-02	2.93000e+00
1.63079e+02	3.99766e-02	2.93000e+00
1.64361e+02	4.05772e-02	2.93000e+00
1.66204e+02	4.14760e-02	2.93000e+00
1.68158e+02	4.24394e-02	2.93000e+00
1.69488e+02	4.30922e-02	2.93000e+00
1.70770e+02	4.37243e-02	2.93000e+00
1.72071e+02	4.43662e-02	2.93000e+00
1.73990e+02	4.53296e-02	2.93000e+00
1.75898e+02	4.62742e-02	2.93000e+00
1.77180e+02	4.69443e-02	2.93000e+00
1.78462e+02	4.76107e-02	2.93000e+00
1.79744e+02	4.82779e-02	2.93000e+00
1.81476e+02	4.91832e-02	2.93000e+00
1.83281e+02	5.01466e-02	2.93000e+00
1.84871e+02	5.10408e-02	2.93000e+00
1.86153e+02	5.17141e-02	2.93000e+00
1.87435e+02	5.23672e-02	2.93000e+00
1.88717e+02	5.30656e-02	2.93000e+00
1.90342e+02	5.40001e-02	2.93000e+00
1.92050e+02	5.49635e-02	2.93000e+00
1.93845e+02	5.59127e-02	2.93000e+00
1.95127e+02	5.65974e-02	2.93000e+00
1.96409e+02	5.73184e-02	2.93000e+00
1.97691e+02	5.80441e-02	2.93000e+00
1.99046e+02	5.88171e-02	2.93000e+00
2.00732e+02	5.97805e-02	2.93000e+00
2.02409e+02	6.07439e-02	2.93000e+00
2.04077e+02	6.17073e-02	2.93000e+00
2.05382e+02	6.24500e-02	2.93000e+00
2.06664e+02	6.31903e-02	2.93000e+00
2.07946e+02	6.39427e-02	2.93000e+00
2.09228e+02	6.46673e-02	2.93000e+00
2.10734e+02	6.55609e-02	2.93000e+00
2.12422e+02	6.65243e-02	2.93000e+00
2.14066e+02	6.74877e-02	2.93000e+00
2.15638e+02	6.84307e-02	2.93000e+00
2.16919e+02	6.91724e-02	2.93000e+00
2.18201e+02	6.99215e-02	2.93000e+00
2.19483e+02	7.06883e-02	2.93000e+00
2.20765e+02	7.14545e-02	2.93000e+00
2.22212e+02	7.23046e-02	2.93000e+00
2.23892e+02	7.32680e-02	2.93000e+00
2.25573e+02	7.42314e-02	2.93000e+00
2.27175e+02	7.51697e-02	2.93000e+00
2.28457e+02	7.59122e-02	2.93000e+00
2.29739e+02	7.66775e-02	2.93000e+00
2.31021e+02	7.74218e-02	2.93000e+00
2.32303e+02	7.81993e-02	2.93000e+00
2.33699e+02	7.90484e-02	2.93000e+00
2.35213e+02	8.00118e-02	2.93000e+00
2.36867e+02	8.09752e-02	2.93000e+00
2.38476e+02	8.19386e-02	2.93000e+00
2.39994e+02	8.28093e-02	2.93000e+00
2.41276e+02	8.35337e-02	2.93000e+00
2.42558e+02	8.42707e-02	2.93000e+00
2.43840e+02	8.50209e-02	2.93000e+00
2.45196e+02	8.57922e-02	2.93000e+00
2.46899e+02	8.67556e-02	2.93000e+00
2.48589e+02	8.77190e-02	2.93000e+00
2.50249e+02	8.86420e-02	2.93000e+00
2.51531e+02	8.94426e-02	2.93000e+00
2.52813e+02	9.01705e-02	2.93000e+00
2.54095e+02	9.09053e-02	2.93000e+00
2.55377e+02	9.16307e-02	2.93000e+00
2.56957e+02	9.25359e-02	2.93000e+00
2.58636e+02	9.34993e-02	2.93000e+00
2.60352e+02	9.44627e-02	2.93000e+00
2.61787e+02	9.52728e-02	2.93000e+00
2.63069e+02	9.59300e-02	2.93000e+00
2.64351e+02	9.65468e-02	2.93000e+00
2.65792e+02	9.73529e-02	2.93000e+00
2.67782e+02	9.83163e-02	2.93000e+00
2.69427e+02	9.92797e-02	2.93000e+00
2.70760e+02	1.00242e-01	2.93000e+00
2.72042e+02	1.00952e-01	2.93000e+00
2.73324e+02	1.01519e-01	2.93000e+00
2.74924e+02	1.02170e-01	2.93000e+00
2.76978e+02	1.03133e-01	2.93000e+00
2.78452e+02	1.03863e-01	2.93000e+00
2.79734e+02	1.04615e-01	2.93000e+00
2.81016e+02	1.05408e-01	2.93000e+00
2.82821e+02	1.06023e-01	2.93000e+00
2.84861e+02	1.06941e-01	2.93000e+00
2.86143e+02	1.07582e-01	2.93000e+00
2.87425e+02	1.08285e-01	2.93000e+00
3.48862e+01	3.40408e-03	3.67000e+00
3.74501e+01	3.60260e-03	3.67000e+00
4.00139e+01	3.80092e-03	3.67000e+00
4.12958e+01	3.91152e-03	3.67000e+00
4.38597e+01	4.19489e-03	3.67000e+00
4.64235e+01	4.43453e-03	3.67000e+00
4.89874e+01	4.66213e-03	3.67000e+00
5.07422e+01	4.86702e-03	3.67000e+00
5.28332e+01	5.11829e-03	3.67000e+00
5.53970e+01	5.38187e-03	3.67000e+00
5.79609e+01	5.63894e-03	3.67000e+00
5.99898e+01	5.83041e-03	3.67000e+00
6.18066e+01	6.00093e-03	3.67000e+00
6.43705e+01	6.35774e-03	3.67000e+00
6.69343e+01	6.62743e-03	3.67000e+00
6.87053e+01	6.79381e-03	3.67000e+00
7.07801e+01	7.03718e-03	3.67000e+00
7.33439e+01	7.33365e-03	3.67000e+00
7.59078e+01	7.65023e-03	3.67000e+00
7.71897e+01	7.81448e-03	3.67000e+00
7.97536e+01	8.17987e-03	3.67000e+00
8.23174e+01	8.51334e-03	3.67000e+00
8.40446e+01	8.72060e-03	3.67000e+00
8.61632e+01	9.00499e-03	3.67000e+00
8.87270e+01	9.37399e-03	3.67000e+00
9.06802e+01	9.68399e-03	3.67000e+00
9.25728e+01	9.98679e-03	3.67000e+00
9.51367e+01	1.03127e-02	3.67000e+00
9.73633e+01	1.06474e-02	3.67000e+00
9.89824e+01	1.08833e-02	3.67000e+00
1.01546e+02	1.12955e-02	3.67000e+00
1.03444e+02	1.16108e-02	3.67000e+00
1.05392e+02	1.19543e-02	3.67000e+00
1.07956e+02	1.23701e-02	3.67000e+00
1.09238e+02	1.25883e-02	3.67000e+00
1.11802e+02	1.30524e-02	3.67000e+00
1.14366e+02	1.35021e-02	3.67000e+00
1.15647e+02	1.37442e-02	3.67000e+00
1.18211e+02	1.42305e-02	3.67000e+00
1.19670e+02	1.45010e-02	3.67000e+00
1.22057e+02	1.49868e-02	3.67000e+00
1.24478e+02	1.54644e-02	3.67000e+00
1.25903e+02	1.57677e-02	3.67000e+00
1.28467e+02	1.63021e-02	3.67000e+00
1.29749e+02	1.65777e-02	3.67000e+00
1.32312e+02	1.71619e-02	3.67000e+00
1.33594e+02	1.74574e-02	3.67000e+00
1.36158e+02	1.80427e-02	3.67000e+00
1.37625e+02	1.83545e-02	3.67000e+00
1.40004e+02	1.89224e-02	3.67000e+00
1.41656e+02	1.93179e-02	3.67000e+00
1.43850e+02	1.98840e-02	3.67000e+00
1.45383e+02	2.02813e-02	3.67000e+00
1.47696e+02	2.08952e-02	3.67000e+00
1.49052e+02	2.12447e-02	3.67000e+00
1.51541e+02	2.19220e-02	3.67000e+00
1.52823e+02	2.22701e-02	3.67000e+00
1.55387e+02	2.29913e-02	3.67000e+00
1.56669e+02	2.33547e-02	3.67000e+00
1.59233e+02	2.40767e-02	3.67000e+00
1.60515e+02	2.44622e-02	3.67000e+00
1.62589e+02	2.50983e-02	3.67000e+00
1.64361e+02	2.56681e-02	3.67000e+00
1.65642e+02	2.60635e-02	3.67000e+00
1.68206e+02	2.68702e-02	3.67000e+00
1.69488e+02	2.72694e-02	3.67000e+00
1.71659e+02	2.79885e-02	3.67000e+00
1.73334e+02	2.85695e-02	3.67000e+00
1.74616e+02	2.90019e-02	3.67000e+00
1.77180e+02	2.98984e-02	3.67000e+00
1.78462e+02	3.03664e-02	3.67000e+00
1.79959e+02	3.08787e-02	3.67000e+00
1.82307e+02	3.16585e-02	3.67000e+00
1.83589e+02	3.21714e-02	3.67000e+00
1.85242e+02	3.28055e-02	3.67000e+00
1.87435e+02	3.35963e-02	3.67000e+00
1.88717e+02	3.40517e-02	3.67000e+00
1.90499e+02	3.47323e-02	3.67000e+00
1.92563e+02	3.55432e-02	3.67000e+00
1.93845e+02	3.60573e-02	3.67000e+00
1.95375e+02	3.66590e-02	3.67000e+00
1.97691e+02	3.75874e-02	3.67000e+00
1.98972e+02	3.81053e-02	3.67000e+00
2.00254e+02	3.86302e-02	3.67000e+00
2.02497e+02	3.95492e-02	3.67000e+00
2.04100e+02	4.02273e-02	3.67000e+00
2.05382e+02	4.07540e-02	3.67000e+00
2.07084e+02	4.14760e-02	3.67000e+00
2.09228e+02	4.23792e-02	3.67000e+00
2.10510e+02	4.29428e-02	3.67000e+00
2.11792e+02	4.35027e-02	3.67000e+00
2.13812e+02	4.43662e-02	3.67000e+00
2.15638e+02	4.51432e-02	3.67000e+00
2.16919e+02	4.56925e-02	3.67000e+00
2.18270e+02	4.62930e-02	3.67000e+00
2.20420e+02	4.72564e-02	3.67000e+00
2.22047e+02	4.80280e-02	3.67000e+00
2.23329e+02	4.86408e-02	3.67000e+00
2.24611e+02	4.92407e-02	3.67000e+00
2.26593e+02	5.01466e-02	3.67000e+00
2.28457e+02	5.10010e-02	3.67000e+00
2.29739e+02	5.15990e-02	3.67000e+00
2.31021e+02	5.21881e-02	3.67000e+00
2.32889e+02	5.30368e-02	3.67000e+00
2.34866e+02	5.39292e-02	3.67000e+00
2.36148e+02	5.45166e-02	3.67000e+00
2.37430e+02	5.51209e-02	3.67000e+00
2.39162e+02	5.59269e-02	3.67000e+00
2.41228e+02	5.68903e-02	3.67000e+00
2.42558e+02	5.75076e-02	3.67000e+00
2.43840e+02	5.80998e-02	3.67000e+00
2.45353e+02	5.88171e-02	3.67000e+00
2.47375e+02	5.97805e-02	3.67000e+00
2.48968e+02	6.05277e-02	3.67000e+00
2.50249e+02	6.11419e-02	3.67000e+00
2.51531e+02	6.17413e-02	3.67000e+00
2.53483e+02	6.26707e-02	3.67000e+00
2.55377e+02	6.35975e-02	3.67000e+00
2.56659e+02	6.42263e-02	3.67000e+00
2.57941e+02	6.48373e-02	3.67000e+00
2.59469e+02	6.55609e-02	3.67000e+00
2.61547e+02	6.65243e-02	3.67000e+00
2.63069e+02	6.72212e-02	3.67000e+00
2.64351e+02	6.77972e-02	3.67000e+00
2.65797e+02	6.84511e-02	3.67000e+00
2.67876e+02	6.94145e-02	3.67000e+00
2.69478e+02	7.01656e-02	3.67000e+00
2.70760e+02	7.07665e-02	3.67000e+00
2.72042e+02	7.13620e-02	3.67000e+00
2.74049e+02	7.23046e-02	3.67000e+00
2.75888e+02	7.31659e-02	3.67000e+00
2.77170e+02	7.37829e-02	3.67000e+00
2.78452e+02	7.43802e-02	3.67000e+00
2.80195e+02	7.51948e-02	3.67000e+00
2.82257e+02	7.61582e-02	3.67000e+00
2.83579e+02	7.67694e-02	3.67000e+00
2.84861e+02	7.73609e-02	3.67000e+00
2.86418e+02	7.80850e-02	3.67000e+00
2.87425e+02	7.85746e-02	3.67000e+00
3.48862e+01	2.01262e-03	4.84000e+00
3.74501e+01	2.14798e-03	4.84000e+00
4.00139e+01	2.29455e-03	4.84000e+00
4.25778e+01	2.44708e-03	4.84000e+00
4.51416e+01	2.58487e-03	4.84000e+00
4.77055e+01	2.69916e-03	4.84000e+00
5.02693e+01	2.84358e-03	4.84000e+00
5.22972e+01	2.94023e-03	4.84000e+00
5.41151e+01	3.07261e-03	4.84000e+00
5.66789e+01	3.22786e-03	4.84000e+00
5.92428e+01	3.39255e-03	4.84000e+00
6.18066e+01	3.51318e-03	4.84000e+00
6.43705e+01	3.70041e-03	4.84000e+00
6.69343e+01	3.83358e-03	4.84000e+00
6.84773e+01	3.90362e-03	4.84000e+00
7.07801e+01	4.05995e-03	4.84000e+00
7.33439e+01	4.23757e-03	4.84000e+00
7.59078e+01	4.43280e-03	4.84000e+00
7.84716e+01	4.61678e-03	4.84000e+00
8.10355e+01	4.79410e-03	4.84000e+00
8.23174e+01	4.87971e-03	4.84000e+00
8.48813e+01	5.07156e-03	4.84000e+00
8.74451e+01	5.28268e-03	4.84000e+00
9.00090e+01	5.52533e-03	4.84000e+00
9.25728e+01	5.72314e-03	4.84000e+00
9.44163e+01	5.83041e-03	4.84000e+00
9.64186e+01	6.03796e-03	4.84000e+00
9.89824e+01	6.23655e-03	4.84000e+00
1.01546e+02	6.46527e-03	4.84000e+00
1.04110e+02	6.71754e-03	4.84000e+00
1.05392e+02	6.81131e-03	4.84000e+00
1.07956e+02	7.07620e-03	4.84000e+00
1.10520e+02	7.33280e-03	4.84000e+00
1.13084e+02	7.58063e-03	4.84000e+00
1.14967e+02	7.75720e-03	4.84000e+00
1.16929e+02	7.97992e-03	4.84000e+00
1.19493e+02	8.26424e-03	4.84000e+00
1.22057e+02	8.54201e-03	4.84000e+00
1.23747e+02	8.72060e-03	4.84000e+00
1.25903e+02	8.98728e-03	4.84000e+00
1.28467e+02	9.29841e-03	4.84000e+00
1.31031e+02	9.61311e-03	4.84000e+00
1.32312e+02	9.78270e-03	4.84000e+00
1.34876e+02	1.01185e-02	4.84000e+00
1.37440e+02	1.04336e-02	4.84000e+00
1.39104e+02	1.06474e-02	4.84000e+00
1.41286e+02	1.09650e-02	4.84000e+00
1.43850e+02	1.13829e-02	4.84000e+00
1.45580e+02	1.16108e-02	4.84000e+00
1.47696e+02	1.19252e-02	4.84000e+00
1.50259e+02	1.23164e-02	4.84000e+00
1.51927e+02	1.25742e-02	4.84000e+00
1.54105e+02	1.30451e-02	4.84000e+00
1.56669e+02	1.35059e-02	4.84000e+00
1.57951e+02	1.36149e-02	4.84000e+00
1.60515e+02	1.40168e-02	4.84000e+00
1.63079e+02	1.44764e-02	4.84000e+00
1.64361e+02	1.47153e-02	4.84000e+00
1.66924e+02	1.51678e-02	4.84000e+00
1.68455e+02	1.54644e-02	4.84000e+00
1.70770e+02	1.59431e-02	4.84000e+00
1.73204e+02	1.64278e-02	4.84000e+00
1.74616e+02	1.67422e-02	4.84000e+00
1.77180e+02	1.72448e-02	4.84000e+00
1.78462e+02	1.74919e-02	4.84000e+00
1.81026e+02	1.81148e-02	4.84000e+00
1.82307e+02	1.83730e-02	4.84000e+00
1.84871e+02	1.89232e-02	4.84000e+00
1.86590e+02	1.93179e-02	4.84000e+00
1.88717e+02	1.98405e-02	4.84000e+00
1.90533e+02	2.02813e-02	4.84000e+00
1.92563e+02	2.08020e-02	4.84000e+00
1.94367e+02	2.12447e-02	4.84000e+00
1.96409e+02	2.17525e-02	4.84000e+00
1.98182e+02	2.22081e-02	4.84000e+00
2.00254e+02	2.27631e-02	4.84000e+00
2.01795e+02	2.31715e-02	4.84000e+00
2.04100e+02	2.38077e-02	4.84000e+00
2.05382e+02	2.41570e-02	4.84000e+00
2.07946e+02	2.48617e-02	4.84000e+00
2.09228e+02	2.52017e-02	4.84000e+00
2.11792e+02	2.59506e-02	4.84000e+00
2.13074e+02	2.63335e-02	4.84000e+00
2.15238e+02	2.70251e-02	4.84000e+00
2.16919e+02	2.75603e-02	4.84000e+00
2.18346e+02	2.79885e-02	4.84000e+00
2.20765e+02	2.87443e-02	4.84000e+00
2.22047e+02	2.91531e-02	4.84000e+00
2.24491e+02	2.99153e-02	4.84000e+00
2.25893e+02	3.03583e-02	4.84000e+00
2.27552e+02	3.08787e-02	4.84000e+00
2.29739e+02	3.16003e-02	4.84000e+00
2.31021e+02	3.20217e-02	4.84000e+00
2.33381e+02	3.28055e-02	4.84000e+00
2.34866e+02	3.33088e-02	4.84000e+00
2.36228e+02	3.37689e-02	4.84000e+00
2.38712e+02	3.46159e-02	4.84000e+00
2.39994e+02	3.50624e-02	4.84000e+00
2.41830e+02	3.56956e-02	4.84000e+00
2.43840e+02	3.64216e-02	4.84000e+00
2.45122e+02	3.68871e-02	4.84000e+00
2.47175e+02	3.76224e-02	4.84000e+00
2.48968e+02	3.82621e-02	4.84000e+00
2.50249e+02	3.87113e-02	4.84000e+00
2.52656e+02	3.95492e-02	4.84000e+00
2.54095e+02	4.00536e-02	4.84000e+00
2.55377e+02	4.05201e-02	4.84000e+00
2.57941e+02	4.14539e-02	4.84000e+00
2.59223e+02	4.19402e-02	4.84000e+00
2.60593e+02	4.24394e-02	4.84000e+00
2.63069e+02	4.33697e-02	4.84000e+00
2.64351e+02	4.38688e-02	4.84000e+00
2.65667e+02	4.43662e-02	4.84000e+00
2.68176e+02	4.53296e-02	4.84000e+00
2.69478e+02	4.58251e-02	4.84000e+00
2.70760e+02	4.62953e-02	4.84000e+00
2.73287e+02	4.72564e-02	4.84000e+00
2.74606e+02	4.77531e-02	4.84000e+00
2.75888e+02	4.82354e-02	4.84000e+00
2.78392e+02	4.91832e-02	4.84000e+00
2.79734e+02	4.96717e-02	4.84000e+00
2.81016e+02	5.01653e-02	4.84000e+00
2.83482e+02	5.11100e-02	4.84000e+00
2.84861e+02	5.16978e-02	4.84000e+00
2.86143e+02	5.23796e-02	4.84000e+00
2.87425e+02	5.31533e-02	4.84000e+00
3.48862e+01	1.11559e-03	6.94000e+00
3.74501e+01	1.12793e-03	6.94000e+00
4.00139e+01	1.24885e-03	6.94000e+00
4.25778e+01	1.31314e-03	6.94000e+00
4.51416e+01	1.32816e-03	6.94000e+00
4.77055e+01	1.40042e-03	6.94000e+00
5.02693e+01	1.56796e-03	6.94000e+00
5.28332e+01	1.63315e-03	6.94000e+00
5.53970e+01	1.62299e-03	6.94000e+00
5.79609e+01	1.74266e-03	6.94000e+00
6.05247e+01	1.78833e-03	6.94000e+00
6.30886e+01	1.83560e-03	6.94000e+00
6.56524e+01	1.90337e-03	6.94000e+00
6.82162e+01	1.94674e-03	6.94000e+00
6.97881e+01	1.97683e-03	6.94000e+00
7.20620e+01	2.04714e-03	6.94000e+00
7.46259e+01	2.14679e-03	6.94000e+00
7.71897e+01	2.25921e-03	6.94000e+00
7.97536e+01	2.38473e-03	6.94000e+00
8.23174e+01	2.47183e-03	6.94000e+00
8.48813e+01	2.52712e-03	6.94000e+00
8.74451e+01	2.61365e-03	6.94000e+00
9.00090e+01	2.75193e-03	6.94000e+00
9.25728e+01	2.82951e-03	6.94000e+00
9.51367e+01	2.90210e-03	6.94000e+00
9.64186e+01	2.94559e-03	6.94000e+00
9.89824e+01	3.04453e-03	6.94000e+00
1.01546e+02	3.18098e-03	6.94000e+00
1.04110e+02	3.31410e-03	6.94000e+00
1.06674e+02	3.41704e-03	6.94000e+00
1.09238e+02	3.54350e-03	6.94000e+00
1.11802e+02	3.66578e-03	6.94000e+00
1.14366e+02	3.77022e-03	6.94000e+00
1.16929e+02	3.88178e-03	6.94000e+00
1.18211e+02	3.94709e-03	6.94000e+00
1.20775e+02	4.09908e-03	6.94000e+00
1.23339e+02	4.25520e-03	6.94000e+00
1.25903e+02	4.40857e-03	6.94000e+00
1.28467e+02	4.55570e-03	6.94000e+00
1.31031e+02	4.70475e-03	6.94000e+00
1.33594e+02	4.83701e-03	6.94000e+00
1.34876e+02	4.90247e-03	6.94000e+00
1.37440e+02	5.07594e-03	6.94000e+00
1.40004e+02	5.27116e-03	6.94000e+00
1.42568e+02	5.47083e-03	6.94000e+00
1.45132e+02	5.64155e-03	6.94000e+00
1.47696e+02	5.79828e-03	6.94000e+00
1.48977e+02	5.88614e-03	6.94000e+00
1.51541e+02	6.10288e-03	6.94000e+00
1.54105e+02	6.31784e-03	6.94000e+00
1.56669e+02	6.52139e-03	6.94000e+00
1.59233e+02	6.72628e-03	6.94000e+00
1.60515e+02	6.83255e-03	6.94000e+00
1.63079e+02	7.06883e-03	6.94000e+00
1.65642e+02	7.31472e-03	6.94000e+00
1.68206e+02	7.57275e-03	6.94000e+00
1.70369e+02	7.75720e-03	6.94000e+00
1.72052e+02	7.93850e-03	6.94000e+00
1.74616e+02	8.20835e-03	6.94000e+00
1.77180e+02	8.49465e-03	6.94000e+00
1.79447e+02	8.72060e-03	6.94000e+00
1.81026e+02	8.87215e-03	6.94000e+00
1.83589e+02	9.20091e-03	6.94000e+00
1.86153e+02	9.51868e-03	6.94000e+00
1.87640e+02	9.68399e-03	6.94000e+00
1.89999e+02	9.98577e-03	6.94000e+00
1.92563e+02	1.03512e-02	6.94000e+00
1.94983e+02	1.06474e-02	6.94000e+00
1.96409e+02	1.08489e-02	6.94000e+00
1.98972e+02	1.12420e-02	6.94000e+00
2.01536e+02	1.15915e-02	6.94000e+00
2.02818e+02	1.17549e-02	6.94000e+00
2.05382e+02	1.21378e-02	6.94000e+00
2.07946e+02	1.25335e-02	6.94000e+00
2.09228e+02	1.27714e-02	6.94000e+00
2.11792e+02	1.32269e-02	6.94000e+00
2.13718e+02	1.35376e-02	6.94000e+00
2.15638e+02	1.38999e-02	6.94000e+00
2.18201e+02	1.43451e-02	6.94000e+00
2.19483e+02	1.45582e-02	6.94000e+00
2.22047e+02	1.50423e-02	6.94000e+00
2.24348e+02	1.54644e-02	6.94000e+00
2.25893e+02	1.57767e-02	6.94000e+00
2.28457e+02	1.62817e-02	6.94000e+00
2.29739e+02	1.65362e-02	6.94000e+00
2.32303e+02	1.70717e-02	6.94000e+00
2.33893e+02	1.73911e-02	6.94000e+00
2.36148e+02	1.79013e-02	6.94000e+00
2.38259e+02	1.83545e-02	6.94000e+00
2.39994e+02	1.87459e-02	6.94000e+00
2.42558e+02	1.93014e-02	6.94000e+00
2.43840e+02	1.95891e-02	6.94000e+00
2.46404e+02	2.01795e-02	6.94000e+00
2.47686e+02	2.04792e-02	6.94000e+00
2.50249e+02	2.10975e-02	6.94000e+00
2.51531e+02	2.14020e-02	6.94000e+00
2.54095e+02	2.20538e-02	6.94000e+00
2.55377e+02	2.23778e-02	6.94000e+00
2.57941e+02	2.30335e-02	6.94000e+00
2.59223e+02	2.33558e-02	6.94000e+00
2.61787e+02	2.40215e-02	6.94000e+00
2.63069e+02	2.43486e-02	6.94000e+00
2.65633e+02	2.50177e-02	6.94000e+00
2.66914e+02	2.53517e-02	6.94000e+00
2.69478e+02	2.60373e-02	6.94000e+00
2.70760e+02	2.63906e-02	6.94000e+00
2.73110e+02	2.70251e-02	6.94000e+00
2.74606e+02	2.74332e-02	6.94000e+00
2.76645e+02	2.79885e-02	6.94000e+00
2.78452e+02	2.85034e-02	6.94000e+00
2.80070e+02	2.89519e-02	6.94000e+00
2.82298e+02	2.95966e-02	6.94000e+00
2.83579e+02	2.99507e-02	6.94000e+00
2.86143e+02	3.07167e-02	6.94000e+00
2.87425e+02	3.11171e-02	6.94000e+00
1.03188e+02	1.01344e-03	1.21300e+01
1.05392e+02	1.06504e-03	1.21300e+01
1.07956e+02	1.12589e-03	1.21300e+01
1.10520e+02	1.18062e-03	1.21300e+01
1.13084e+02	1.23563e-03	1.21300e+01
1.15647e+02	1.29201e-03	1.21300e+01
1.18211e+02	1.34396e-03	1.21300e+01
1.20775e+02	1.39441e-03	1.21300e+01
1.23339e+02	1.44683e-03	1.21300e+01
1.25903e+02	1.49732e-03	1.21300e+01
1.28467e+02	1.54436e-03	1.21300e+01
1.31031e+02	1.59231e-03	1.21300e+01
1.33594e+02	1.64134e-03	1.21300e+01
1.36158e+02	1.68640e-03	1.21300e+01
1.38722e+02	1.73001e-03	1.21300e+01
1.41286e+02	1.77717e-03	1.21300e+01
1.43850e+02	1.82085e-03	1.21300e+01
1.46414e+02	1.86171e-03	1.21300e+01
1.48977e+02	1.90639e-03	1.21300e+01
1.51541e+02	1.94874e-03	1.21300e+01
1.53364e+02	1.97683e-03	1.21300e+01
1.55387e+02	2.04732e-03	1.21300e+01
1.57951e+02	2.13977e-03	1.21300e+01
1.60515e+02	2.22660e-03	1.21300e+01
1.63079e+02	2.31096e-03	1.21300e+01
1.65642e+02	2.40041e-03	1.21300e+01
1.68206e+02	2.48313e-03	1.21300e+01
1.70770e+02	2.56652e-03	1.21300e+01
1.73334e+02	2.65231e-03	1.21300e+01
1.75898e+02	2.73055e-03	1.21300e+01
1.78462e+02	2.81410e-03	1.21300e+01
1.81026e+02	2.89535e-03	1.21300e+01
1.82539e+02	2.94023e-03	1.21300e+01
1.84871e+02	3.05997e-03	1.21300e+01
1.87435e+02	3.19228e-03	1.21300e+01
1.89999e+02	3.31805e-03	1.21300e+01
1.92563e+02	3.44683e-03	1.21300e+01
1.95127e+02	3.57306e-03	1.21300e+01
1.97691e+02	3.69887e-03	1.21300e+01
2.00254e+02	3.82174e-03	1.21300e+01
2.01937e+02	3.90362e-03	1.21300e+01
2.04100e+02	4.03637e-03	1.21300e+01
2.06664e+02	4.22686e-03	1.21300e+01
2.09228e+02	4.39475e-03	1.21300e+01
2.11792e+02	4.56472e-03	1.21300e+01
2.14356e+02	4.72502e-03	1.21300e+01
2.16854e+02	4.86702e-03	1.21300e+01
2.18201e+02	4.96500e-03	1.21300e+01
2.20765e+02	5.17547e-03	1.21300e+01
2.23329e+02	5.37382e-03	1.21300e+01
2.25893e+02	5.57123e-03	1.21300e+01
2.28457e+02	5.76037e-03	1.21300e+01
2.29739e+02	5.87401e-03	1.21300e+01
2.32303e+02	6.13326e-03	1.21300e+01
2.34866e+02	6.36081e-03	1.21300e+01
2.37430e+02	6.57463e-03	1.21300e+01
2.39668e+02	6.79381e-03	1.21300e+01
2.41276e+02	6.95541e-03	1.21300e+01
2.43840e+02	7.23159e-03	1.21300e+01
2.46404e+02	7.52924e-03	1.21300e+01
2.48484e+02	7.75720e-03	1.21300e+01
2.50249e+02	7.95909e-03	1.21300e+01
2.52813e+02	8.28801e-03	1.21300e+01
2.55377e+02	8.59548e-03	1.21300e+01
2.56659e+02	8.73007e-03	1.21300e+01
2.59223e+02	9.08830e-03	1.21300e+01
2.61787e+02	9.41366e-03	1.21300e+01
2.63883e+02	9.68399e-03	1.21300e+01
2.65633e+02	9.94185e-03	1.21300e+01
2.68196e+02	1.03174e-02	1.21300e+01
2.70520e+02	1.06474e-02	1.21300e+01
2.72042e+02	1.08789e-02	1.21300e+01
2.74606e+02	1.13011e-02	1.21300e+01
2.76589e+02	1.16108e-02	1.21300e+01
2.78452e+02	1.19228e-02	1.21300e+01
2.81016e+02	1.23338e-02	1.21300e+01
2.82454e+02	1.25742e-02	1.21300e+01
2.84861e+02	1.29939e-02	1.21300e+01
2.87425e+02	1.34162e-02	1.21300e+01
