# Isoelastics for elastic spheres deformed
# in a microfluidic channel.
#
# A description of the underlying theory can be found here:
#
#   Numerical Simulation of Real-Time Deformability Cytometry
#   to Extract Cell Mechanical Properties
#   M. Mokbel, D. Mokbel, A. Mietke, N. Träber, S. Girardo,
#   O. Otto, J. Guck, and S. Aland
#   ACS Biomaterials Science & Engineering 3(11) 2017
#   DOI: 10.1021/acsbiomaterials.6b00558
#
# These data were generated by linear interpolation of a look-up 
# table of numerically simulated values. 
# The simulations were performed by S. Aland, D. Mokbel.
# The look-up table was assembled by S. Aland, D. Mokbel, C. Herold.
# The interpolation was performed by C. Herold
#
# - column 1: area_um
# - column 2: deform
# - column 3: emodulus
# - channel width [um]: 20
# - flow rate [ul/s]: 0.04
# - viscosity [mPa*s]: 15
# - method: numerical
# - method details: FEM
#
# apparent_area_um^2 deformation elastic_modulus_kPa
2.88023e+02 3.13374e-02 6.90
2.86994e+02 3.10000e-02 6.90
2.86047e+02 3.07221e-02 6.90
2.84070e+02 3.01520e-02 6.90
2.83558e+02 3.00000e-02 6.90
2.82093e+02 2.95859e-02 6.90
2.80116e+02 2.90166e-02 6.90
2.80060e+02 2.90000e-02 6.90
2.78140e+02 2.84640e-02 6.90
2.76486e+02 2.80000e-02 6.90
2.76163e+02 2.79133e-02 6.90
2.74186e+02 2.73745e-02 6.90
2.72836e+02 2.70000e-02 6.90
2.72209e+02 2.68334e-02 6.90
2.70233e+02 2.62953e-02 6.90
2.69152e+02 2.60000e-02 6.90
2.68256e+02 2.57618e-02 6.90
2.66279e+02 2.52442e-02 6.90
2.65378e+02 2.50000e-02 6.90
2.64302e+02 2.47231e-02 6.90
2.62326e+02 2.42107e-02 6.90
2.61542e+02 2.40000e-02 6.90
2.60349e+02 2.36947e-02 6.90
2.58372e+02 2.31845e-02 6.90
2.57684e+02 2.30000e-02 6.90
2.56395e+02 2.26781e-02 6.90
2.54419e+02 2.21730e-02 6.90
2.53760e+02 2.20000e-02 6.90
2.52442e+02 2.16743e-02 6.90
2.50465e+02 2.11944e-02 6.90
2.49692e+02 2.10000e-02 6.90
2.48488e+02 2.07200e-02 6.90
2.46512e+02 2.02573e-02 6.90
2.45418e+02 2.00000e-02 6.90
2.44535e+02 1.98079e-02 6.90
2.42558e+02 1.93745e-02 6.90
2.40922e+02 1.90000e-02 6.90
2.40581e+02 1.89289e-02 6.90
2.38605e+02 1.85034e-02 6.90
2.36628e+02 1.80490e-02 6.90
2.36417e+02 1.80000e-02 6.90
2.34651e+02 1.76184e-02 6.90
2.32674e+02 1.72018e-02 6.90
2.31753e+02 1.70000e-02 6.90
2.30698e+02 1.67924e-02 6.90
2.28721e+02 1.64039e-02 6.90
2.26795e+02 1.60000e-02 6.90
2.26744e+02 1.59906e-02 6.90
2.24767e+02 1.56168e-02 6.90
2.22791e+02 1.52373e-02 6.90
2.21586e+02 1.50000e-02 6.90
2.20814e+02 1.48644e-02 6.90
2.18837e+02 1.45335e-02 6.90
2.16860e+02 1.41706e-02 6.90
2.15994e+02 1.40000e-02 6.90
2.14884e+02 1.38067e-02 6.90
2.12907e+02 1.34796e-02 6.90
2.10930e+02 1.31238e-02 6.90
2.10295e+02 1.30000e-02 6.90
2.08953e+02 1.27695e-02 6.90
2.06977e+02 1.24531e-02 6.90
2.05000e+02 1.21332e-02 6.90
2.03979e+02 1.20000e-02 6.90
2.03023e+02 1.18859e-02 6.90
2.01047e+02 1.16003e-02 6.90
1.99070e+02 1.12994e-02 6.90
1.97093e+02 1.10195e-02 6.90
1.96960e+02 1.10000e-02 6.90
1.95116e+02 1.07592e-02 6.90
1.93140e+02 1.04759e-02 6.90
1.91163e+02 1.02039e-02 6.90
1.89610e+02 1.00000e-02 6.90
1.89186e+02 9.95336e-03 6.90
1.87209e+02 9.72959e-03 6.90
1.85233e+02 9.45463e-03 6.90
1.83256e+02 9.19939e-03 6.90
1.81521e+02 9.00000e-03 6.90
1.81279e+02 8.97698e-03 6.90
1.79302e+02 8.81722e-03 6.90
1.77326e+02 8.56680e-03 6.90
1.75349e+02 8.33032e-03 6.90
1.73372e+02 8.14724e-03 6.90
1.72018e+02 8.00000e-03 6.90
1.71395e+02 7.94424e-03 6.90
1.69419e+02 7.75473e-03 6.90
1.67442e+02 7.55238e-03 6.90
1.65465e+02 7.33363e-03 6.90
1.63488e+02 7.16019e-03 6.90
1.61715e+02 7.00000e-03 6.90
1.61512e+02 6.98521e-03 6.90
1.59535e+02 6.82538e-03 6.90
1.57558e+02 6.65708e-03 6.90
1.55581e+02 6.48743e-03 6.90
1.53605e+02 6.31667e-03 6.90
1.51628e+02 6.15210e-03 6.90
1.49740e+02 6.00000e-03 6.90
1.49651e+02 5.99437e-03 6.90
1.47674e+02 5.86985e-03 6.90
1.45698e+02 5.74777e-03 6.90
1.43721e+02 5.60439e-03 6.90
1.41744e+02 5.44660e-03 6.90
1.39767e+02 5.28649e-03 6.90
1.37791e+02 5.14151e-03 6.90
1.35814e+02 5.01394e-03 6.90
1.35590e+02 5.00000e-03 6.90
1.33837e+02 4.91698e-03 6.90
1.31860e+02 4.81012e-03 6.90
1.29884e+02 4.69032e-03 6.90
1.27907e+02 4.56983e-03 6.90
1.25930e+02 4.44995e-03 6.90
1.23953e+02 4.33244e-03 6.90
1.21977e+02 4.20925e-03 6.90
1.20000e+02 4.08878e-03 6.90
1.18471e+02 4.00000e-03 6.90
1.18023e+02 3.98167e-03 6.90
1.16047e+02 3.90216e-03 6.90
1.14070e+02 3.81667e-03 6.90
1.12093e+02 3.72997e-03 6.90
1.10116e+02 3.63491e-03 6.90
1.08140e+02 3.53991e-03 6.90
1.06163e+02 3.44026e-03 6.90
1.04186e+02 3.36299e-03 6.90
1.02209e+02 3.25301e-03 6.90
1.00233e+02 3.13820e-03 6.90
9.82558e+01 3.04334e-03 6.90
2.88023e+02 4.48497e-02 5.40
2.86047e+02 4.41432e-02 5.40
2.85633e+02 4.40000e-02 5.40
2.84070e+02 4.34617e-02 5.40
2.82755e+02 4.30000e-02 5.40
2.82093e+02 4.27751e-02 5.40
2.80116e+02 4.20784e-02 5.40
2.79895e+02 4.20000e-02 5.40
2.78140e+02 4.13965e-02 5.40
2.77012e+02 4.10000e-02 5.40
2.76163e+02 4.07047e-02 5.40
2.74186e+02 4.00384e-02 5.40
2.74076e+02 4.00000e-02 5.40
2.72209e+02 3.93614e-02 5.40
2.71153e+02 3.90000e-02 5.40
2.70233e+02 3.86923e-02 5.40
2.68256e+02 3.80082e-02 5.40
2.68232e+02 3.80000e-02 5.40
2.66279e+02 3.73479e-02 5.40
2.65275e+02 3.70000e-02 5.40
2.64302e+02 3.66719e-02 5.40
2.62328e+02 3.60000e-02 5.40
2.62326e+02 3.59992e-02 5.40
2.60349e+02 3.53190e-02 5.40
2.59398e+02 3.50000e-02 5.40
2.58372e+02 3.46603e-02 5.40
2.56395e+02 3.40027e-02 5.40
2.56387e+02 3.40000e-02 5.40
2.54419e+02 3.33655e-02 5.40
2.53300e+02 3.30000e-02 5.40
2.52442e+02 3.27280e-02 5.40
2.50465e+02 3.21038e-02 5.40
2.50135e+02 3.20000e-02 5.40
2.48488e+02 3.15027e-02 5.40
2.46874e+02 3.10000e-02 5.40
2.46512e+02 3.08912e-02 5.40
2.44535e+02 3.02746e-02 5.40
2.43671e+02 3.00000e-02 5.40
2.42558e+02 2.96580e-02 5.40
2.40581e+02 2.90249e-02 5.40
2.40501e+02 2.90000e-02 5.40
2.38605e+02 2.84346e-02 5.40
2.37177e+02 2.80000e-02 5.40
2.36628e+02 2.78386e-02 5.40
2.34651e+02 2.72659e-02 5.40
2.33770e+02 2.70000e-02 5.40
2.32674e+02 2.66836e-02 5.40
2.30698e+02 2.61199e-02 5.40
2.30288e+02 2.60000e-02 5.40
2.28721e+02 2.55563e-02 5.40
2.26749e+02 2.50000e-02 5.40
2.26744e+02 2.49988e-02 5.40
2.24767e+02 2.44620e-02 5.40
2.23039e+02 2.40000e-02 5.40
2.22791e+02 2.39375e-02 5.40
2.20814e+02 2.34232e-02 5.40
2.19279e+02 2.30000e-02 5.40
2.18837e+02 2.28849e-02 5.40
2.16860e+02 2.23785e-02 5.40
2.15436e+02 2.20000e-02 5.40
2.14884e+02 2.18607e-02 5.40
2.12907e+02 2.13312e-02 5.40
2.11668e+02 2.10000e-02 5.40
2.10930e+02 2.08119e-02 5.40
2.08953e+02 2.03367e-02 5.40
2.07530e+02 2.00000e-02 5.40
2.06977e+02 1.98753e-02 5.40
2.05000e+02 1.94399e-02 5.40
2.03133e+02 1.90000e-02 5.40
2.03023e+02 1.89759e-02 5.40
2.01047e+02 1.85367e-02 5.40
1.99070e+02 1.80925e-02 5.40
1.98657e+02 1.80000e-02 5.40
1.97093e+02 1.76727e-02 5.40
1.95116e+02 1.72517e-02 5.40
1.93916e+02 1.70000e-02 5.40
1.93140e+02 1.68509e-02 5.40
1.91163e+02 1.64601e-02 5.40
1.89186e+02 1.60372e-02 5.40
1.89012e+02 1.60000e-02 5.40
1.87209e+02 1.56435e-02 5.40
1.85233e+02 1.52611e-02 5.40
1.83854e+02 1.50000e-02 5.40
1.83256e+02 1.48953e-02 5.40
1.81279e+02 1.45842e-02 5.40
1.79302e+02 1.42005e-02 5.40
1.78234e+02 1.40000e-02 5.40
1.77326e+02 1.38412e-02 5.40
1.75349e+02 1.35539e-02 5.40
1.73372e+02 1.32035e-02 5.40
1.72203e+02 1.30000e-02 5.40
1.71395e+02 1.28730e-02 5.40
1.69419e+02 1.25822e-02 5.40
1.67442e+02 1.22295e-02 5.40
1.65967e+02 1.20000e-02 5.40
1.65465e+02 1.19305e-02 5.40
1.63488e+02 1.16610e-02 5.40
1.61512e+02 1.13751e-02 5.40
1.59535e+02 1.10662e-02 5.40
1.59088e+02 1.10000e-02 5.40
1.57558e+02 1.07970e-02 5.40
1.55581e+02 1.05418e-02 5.40
1.53605e+02 1.02870e-02 5.40
1.51628e+02 1.00176e-02 5.40
1.51497e+02 1.00000e-02 5.40
1.49651e+02 9.78363e-03 5.40
1.47674e+02 9.55051e-03 5.40
1.45698e+02 9.30703e-03 5.40
1.43721e+02 9.05998e-03 5.40
1.43262e+02 9.00000e-03 5.40
1.41744e+02 8.83038e-03 5.40
1.39767e+02 8.61661e-03 5.40
1.37791e+02 8.39881e-03 5.40
1.35814e+02 8.18942e-03 5.40
1.34029e+02 8.00000e-03 5.40
1.33837e+02 7.98296e-03 5.40
1.31860e+02 7.79333e-03 5.40
1.29884e+02 7.59469e-03 5.40
1.27907e+02 7.40003e-03 5.40
1.25930e+02 7.20750e-03 5.40
1.23953e+02 7.01119e-03 5.40
1.23845e+02 7.00000e-03 5.40
1.21977e+02 6.84206e-03 5.40
1.20000e+02 6.67344e-03 5.40
1.18023e+02 6.50719e-03 5.40
1.16047e+02 6.33730e-03 5.40
1.14070e+02 6.16455e-03 5.40
1.12255e+02 6.00000e-03 5.40
1.12093e+02 5.98869e-03 5.40
1.10116e+02 5.84615e-03 5.40
1.08140e+02 5.70380e-03 5.40
1.06163e+02 5.54803e-03 5.40
1.04186e+02 5.42605e-03 5.40
1.02209e+02 5.24429e-03 5.40
1.00233e+02 5.08396e-03 5.40
9.92175e+01 5.00000e-03 5.40
9.82558e+01 4.94265e-03 5.40
9.62791e+01 4.86194e-03 5.40
9.43023e+01 4.70548e-03 5.40
9.23256e+01 4.62558e-03 5.40
9.03488e+01 4.49168e-03 5.40
8.83721e+01 4.32128e-03 5.40
8.63953e+01 4.17925e-03 5.40
8.44186e+01 4.04971e-03 5.40
8.36093e+01 4.00000e-03 5.40
8.24419e+01 3.95184e-03 5.40
8.04651e+01 3.85179e-03 5.40
7.84884e+01 3.74481e-03 5.40
7.65116e+01 3.63409e-03 5.40
7.45349e+01 3.50197e-03 5.40
7.25581e+01 3.39998e-03 5.40
7.05814e+01 3.29708e-03 5.40
6.86047e+01 3.19188e-03 5.40
6.66279e+01 3.09590e-03 5.40
2.88023e+02 6.46606e-02 4.20
2.86414e+02 6.40000e-02 4.20
2.86047e+02 6.38477e-02 4.20
2.84070e+02 6.30897e-02 4.20
2.83848e+02 6.30000e-02 4.20
2.82093e+02 6.22174e-02 4.20
2.81608e+02 6.20000e-02 4.20
2.80116e+02 6.13987e-02 4.20
2.79115e+02 6.10000e-02 4.20
2.78140e+02 6.05747e-02 4.20
2.76889e+02 6.00000e-02 4.20
2.76163e+02 5.96924e-02 4.20
2.74592e+02 5.90000e-02 4.20
2.74186e+02 5.88278e-02 4.20
2.72210e+02 5.80000e-02 4.20
2.72209e+02 5.79997e-02 4.20
2.70233e+02 5.71121e-02 4.20
2.69957e+02 5.70000e-02 4.20
2.68256e+02 5.63083e-02 4.20
2.67559e+02 5.60000e-02 4.20
2.66279e+02 5.54448e-02 4.20
2.65222e+02 5.50000e-02 4.20
2.64302e+02 5.46225e-02 4.20
2.62818e+02 5.40000e-02 4.20
2.62326e+02 5.37964e-02 4.20
2.60434e+02 5.30000e-02 4.20
2.60349e+02 5.29658e-02 4.20
2.58372e+02 5.21482e-02 4.20
2.58018e+02 5.20000e-02 4.20
2.56395e+02 5.13307e-02 4.20
2.55611e+02 5.10000e-02 4.20
2.54419e+02 5.05117e-02 4.20
2.53204e+02 5.00000e-02 4.20
2.52442e+02 4.96840e-02 4.20
2.50832e+02 4.90000e-02 4.20
2.50465e+02 4.88462e-02 4.20
2.48492e+02 4.80000e-02 4.20
2.48488e+02 4.79985e-02 4.20
2.46512e+02 4.71776e-02 4.20
2.46084e+02 4.70000e-02 4.20
2.44535e+02 4.63691e-02 4.20
2.43643e+02 4.60000e-02 4.20
2.42558e+02 4.55627e-02 4.20
2.41178e+02 4.50000e-02 4.20
2.40581e+02 4.47588e-02 4.20
2.38707e+02 4.40000e-02 4.20
2.38605e+02 4.39593e-02 4.20
2.36628e+02 4.31691e-02 4.20
2.36208e+02 4.30000e-02 4.20
2.34651e+02 4.23896e-02 4.20
2.33683e+02 4.20000e-02 4.20
2.32674e+02 4.16025e-02 4.20
2.31117e+02 4.10000e-02 4.20
2.30698e+02 4.08383e-02 4.20
2.28721e+02 4.00863e-02 4.20
2.28502e+02 4.00000e-02 4.20
2.26744e+02 3.93268e-02 4.20
2.25914e+02 3.90000e-02 4.20
2.24767e+02 3.85579e-02 4.20
2.23309e+02 3.80000e-02 4.20
2.22791e+02 3.78060e-02 4.20
2.20814e+02 3.70525e-02 4.20
2.20685e+02 3.70000e-02 4.20
2.18837e+02 3.62752e-02 4.20
2.18144e+02 3.60000e-02 4.20
2.16860e+02 3.54942e-02 4.20
2.15521e+02 3.50000e-02 4.20
2.14884e+02 3.47722e-02 4.20
2.12907e+02 3.40584e-02 4.20
2.12740e+02 3.40000e-02 4.20
2.10930e+02 3.33858e-02 4.20
2.09844e+02 3.30000e-02 4.20
2.08953e+02 3.26977e-02 4.20
2.06979e+02 3.20000e-02 4.20
2.06977e+02 3.19993e-02 4.20
2.05000e+02 3.13294e-02 4.20
2.04048e+02 3.10000e-02 4.20
2.03023e+02 3.06544e-02 4.20
2.01076e+02 3.00000e-02 4.20
2.01047e+02 2.99906e-02 4.20
1.99070e+02 2.93422e-02 4.20
1.98046e+02 2.90000e-02 4.20
1.97093e+02 2.86975e-02 4.20
1.95116e+02 2.80533e-02 4.20
1.94952e+02 2.80000e-02 4.20
1.93140e+02 2.74401e-02 4.20
1.91771e+02 2.70000e-02 4.20
1.91163e+02 2.68123e-02 4.20
1.89186e+02 2.61943e-02 4.20
1.88564e+02 2.60000e-02 4.20
1.87209e+02 2.55976e-02 4.20
1.85233e+02 2.50537e-02 4.20
1.85049e+02 2.50000e-02 4.20
1.83256e+02 2.45051e-02 4.20
1.81678e+02 2.40000e-02 4.20
1.81279e+02 2.38789e-02 4.20
1.79302e+02 2.33561e-02 4.20
1.77975e+02 2.30000e-02 4.20
1.77326e+02 2.28373e-02 4.20
1.75349e+02 2.22807e-02 4.20
1.74304e+02 2.20000e-02 4.20
1.73372e+02 2.17618e-02 4.20
1.71395e+02 2.12433e-02 4.20
1.70515e+02 2.10000e-02 4.20
1.69419e+02 2.07127e-02 4.20
1.67442e+02 2.02362e-02 4.20
1.66488e+02 2.00000e-02 4.20
1.65465e+02 1.97653e-02 4.20
1.63488e+02 1.92915e-02 4.20
1.62326e+02 1.90000e-02 4.20
1.61512e+02 1.88089e-02 4.20
1.59535e+02 1.83502e-02 4.20
1.58017e+02 1.80000e-02 4.20
1.57558e+02 1.79047e-02 4.20
1.55581e+02 1.75090e-02 4.20
1.53605e+02 1.70517e-02 4.20
1.53372e+02 1.70000e-02 4.20
1.51628e+02 1.66797e-02 4.20
1.49651e+02 1.62419e-02 4.20
1.48510e+02 1.60000e-02 4.20
1.47674e+02 1.58367e-02 4.20
1.45698e+02 1.54615e-02 4.20
1.43721e+02 1.50424e-02 4.20
1.43511e+02 1.50000e-02 4.20
1.41744e+02 1.46719e-02 4.20
1.39767e+02 1.43026e-02 4.20
1.38152e+02 1.40000e-02 4.20
1.37791e+02 1.39385e-02 4.20
1.35814e+02 1.36233e-02 4.20
1.33837e+02 1.32844e-02 4.20
1.32272e+02 1.30000e-02 4.20
1.31860e+02 1.29333e-02 4.20
1.29884e+02 1.26048e-02 4.20
1.27907e+02 1.22841e-02 4.20
1.26221e+02 1.20000e-02 4.20
1.25930e+02 1.19563e-02 4.20
1.23953e+02 1.16630e-02 4.20
1.21977e+02 1.13640e-02 4.20
1.20000e+02 1.10543e-02 4.20
1.19650e+02 1.10000e-02 4.20
1.18023e+02 1.07792e-02 4.20
1.16047e+02 1.05035e-02 4.20
1.14070e+02 1.02206e-02 4.20
1.12521e+02 1.00000e-02 4.20
1.12093e+02 9.94714e-03 4.20
1.10116e+02 9.69739e-03 4.20
1.08140e+02 9.43905e-03 4.20
1.06163e+02 9.17153e-03 4.20
1.04775e+02 9.00000e-03 4.20
1.04186e+02 8.93817e-03 4.20
1.02209e+02 8.67468e-03 4.20
1.00233e+02 8.44054e-03 4.20
9.82558e+01 8.20564e-03 4.20
9.64005e+01 8.00000e-03 4.20
9.62791e+01 7.98891e-03 4.20
9.43023e+01 7.76385e-03 4.20
9.23256e+01 7.59778e-03 4.20
9.03488e+01 7.36453e-03 4.20
8.83721e+01 7.09720e-03 4.20
8.75619e+01 7.00000e-03 4.20
8.63953e+01 6.88614e-03 4.20
8.44186e+01 6.70794e-03 4.20
8.24419e+01 6.52523e-03 4.20
8.04651e+01 6.32761e-03 4.20
7.84884e+01 6.10228e-03 4.20
7.75294e+01 6.00000e-03 4.20
7.65116e+01 5.91425e-03 4.20
7.45349e+01 5.71993e-03 4.20
7.25581e+01 5.54879e-03 4.20
7.05814e+01 5.38529e-03 4.20
6.86047e+01 5.21433e-03 4.20
6.66279e+01 5.04387e-03 4.20
6.61573e+01 5.00000e-03 4.20
6.46512e+01 4.89643e-03 4.20
6.26744e+01 4.72071e-03 4.20
6.06977e+01 4.57095e-03 4.20
5.87209e+01 4.42039e-03 4.20
5.67442e+01 4.25003e-03 4.20
5.47674e+01 4.08079e-03 4.20
5.38438e+01 4.00000e-03 4.20
5.27907e+01 3.93682e-03 4.20
5.08140e+01 3.79584e-03 4.20
4.88372e+01 3.60264e-03 4.20
4.68605e+01 3.47957e-03 4.20
4.48837e+01 3.34419e-03 4.20
4.29070e+01 3.17551e-03 4.20
2.88023e+02 8.08555e-02 3.60
2.86234e+02 8.00000e-02 3.60
2.86047e+02 7.99099e-02 3.60
2.84115e+02 7.90000e-02 3.60
2.84070e+02 7.89791e-02 3.60
2.82093e+02 7.80547e-02 3.60
2.81979e+02 7.80000e-02 3.60
2.80116e+02 7.71141e-02 3.60
2.79878e+02 7.70000e-02 3.60
2.78140e+02 7.61727e-02 3.60
2.77776e+02 7.60000e-02 3.60
2.76163e+02 7.52407e-02 3.60
2.75653e+02 7.50000e-02 3.60
2.74186e+02 7.43064e-02 3.60
2.73529e+02 7.40000e-02 3.60
2.72209e+02 7.33887e-02 3.60
2.71363e+02 7.30000e-02 3.60
2.70233e+02 7.24840e-02 3.60
2.69188e+02 7.20000e-02 3.60
2.68256e+02 7.15673e-02 3.60
2.67049e+02 7.10000e-02 3.60
2.66279e+02 7.06394e-02 3.60
2.64940e+02 7.00000e-02 3.60
2.64302e+02 6.97012e-02 3.60
2.62825e+02 6.90000e-02 3.60
2.62326e+02 6.87640e-02 3.60
2.60741e+02 6.80000e-02 3.60
2.60349e+02 6.78150e-02 3.60
2.58662e+02 6.70000e-02 3.60
2.58372e+02 6.68604e-02 3.60
2.56658e+02 6.60000e-02 3.60
2.56395e+02 6.58723e-02 3.60
2.54605e+02 6.50000e-02 3.60
2.54419e+02 6.49078e-02 3.60
2.52518e+02 6.40000e-02 3.60
2.52442e+02 6.39636e-02 3.60
2.50465e+02 6.30080e-02 3.60
2.50449e+02 6.30000e-02 3.60
2.48488e+02 6.20571e-02 3.60
2.48372e+02 6.20000e-02 3.60
2.46512e+02 6.10988e-02 3.60
2.46305e+02 6.10000e-02 3.60
2.44535e+02 6.01573e-02 3.60
2.44209e+02 6.00000e-02 3.60
2.42558e+02 5.92117e-02 3.60
2.42122e+02 5.90000e-02 3.60
2.40581e+02 5.82659e-02 3.60
2.40026e+02 5.80000e-02 3.60
2.38605e+02 5.73261e-02 3.60
2.37913e+02 5.70000e-02 3.60
2.36628e+02 5.64014e-02 3.60
2.35767e+02 5.60000e-02 3.60
2.34651e+02 5.54845e-02 3.60
2.33627e+02 5.50000e-02 3.60
2.32674e+02 5.45569e-02 3.60
2.31500e+02 5.40000e-02 3.60
2.30698e+02 5.36241e-02 3.60
2.29373e+02 5.30000e-02 3.60
2.28721e+02 5.26973e-02 3.60
2.27239e+02 5.20000e-02 3.60
2.26744e+02 5.17717e-02 3.60
2.25140e+02 5.10000e-02 3.60
2.24767e+02 5.08252e-02 3.60
2.23083e+02 5.00000e-02 3.60
2.22791e+02 4.98590e-02 3.60
2.20966e+02 4.90000e-02 3.60
2.20814e+02 4.89278e-02 3.60
2.18837e+02 4.80180e-02 3.60
2.18797e+02 4.80000e-02 3.60
2.16860e+02 4.71460e-02 3.60
2.16533e+02 4.70000e-02 3.60
2.14884e+02 4.62833e-02 3.60
2.14258e+02 4.60000e-02 3.60
2.12907e+02 4.53992e-02 3.60
2.12020e+02 4.50000e-02 3.60
2.10930e+02 4.45197e-02 3.60
2.09755e+02 4.40000e-02 3.60
2.08953e+02 4.36520e-02 3.60
2.07468e+02 4.30000e-02 3.60
2.06977e+02 4.27884e-02 3.60
2.05154e+02 4.20000e-02 3.60
2.05000e+02 4.19350e-02 3.60
2.03023e+02 4.10937e-02 3.60
2.02806e+02 4.10000e-02 3.60
2.01047e+02 4.02544e-02 3.60
2.00448e+02 4.00000e-02 3.60
1.99070e+02 3.94268e-02 3.60
1.98043e+02 3.90000e-02 3.60
1.97093e+02 3.86147e-02 3.60
1.95614e+02 3.80000e-02 3.60
1.95116e+02 3.77991e-02 3.60
1.93170e+02 3.70000e-02 3.60
1.93140e+02 3.69877e-02 3.60
1.91163e+02 3.61969e-02 3.60
1.90656e+02 3.60000e-02 3.60
1.89186e+02 3.54374e-02 3.60
1.87989e+02 3.50000e-02 3.60
1.87209e+02 3.47238e-02 3.60
1.85389e+02 3.40000e-02 3.60
1.85233e+02 3.39393e-02 3.60
1.83256e+02 3.31366e-02 3.60
1.82876e+02 3.30000e-02 3.60
1.81279e+02 3.24549e-02 3.60
1.80036e+02 3.20000e-02 3.60
1.79302e+02 3.17428e-02 3.60
1.77347e+02 3.10000e-02 3.60
1.77326e+02 3.09921e-02 3.60
1.75349e+02 3.02972e-02 3.60
1.74528e+02 3.00000e-02 3.60
1.73372e+02 2.95981e-02 3.60
1.71710e+02 2.90000e-02 3.60
1.71395e+02 2.88909e-02 3.60
1.69419e+02 2.82510e-02 3.60
1.68664e+02 2.80000e-02 3.60
1.67442e+02 2.76102e-02 3.60
1.65592e+02 2.70000e-02 3.60
1.65465e+02 2.69602e-02 3.60
1.63488e+02 2.63076e-02 3.60
1.62548e+02 2.60000e-02 3.60
1.61512e+02 2.56756e-02 3.60
1.59535e+02 2.50641e-02 3.60
1.59323e+02 2.50000e-02 3.60
1.57558e+02 2.44919e-02 3.60
1.55907e+02 2.40000e-02 3.60
1.55581e+02 2.39085e-02 3.60
1.53605e+02 2.33378e-02 3.60
1.52450e+02 2.30000e-02 3.60
1.51628e+02 2.27730e-02 3.60
1.49651e+02 2.22218e-02 3.60
1.48871e+02 2.20000e-02 3.60
1.47674e+02 2.16787e-02 3.60
1.45698e+02 2.11388e-02 3.60
1.45208e+02 2.10000e-02 3.60
1.43721e+02 2.06001e-02 3.60
1.41744e+02 2.00815e-02 3.60
1.41434e+02 2.00000e-02 3.60
1.39767e+02 1.95905e-02 3.60
1.37791e+02 1.91146e-02 3.60
1.37314e+02 1.90000e-02 3.60
1.35814e+02 1.86647e-02 3.60
1.33837e+02 1.81915e-02 3.60
1.33087e+02 1.80000e-02 3.60
1.31860e+02 1.77097e-02 3.60
1.29884e+02 1.72552e-02 3.60
1.28771e+02 1.70000e-02 3.60
1.27907e+02 1.68164e-02 3.60
1.25930e+02 1.63931e-02 3.60
1.24135e+02 1.60000e-02 3.60
1.23953e+02 1.59634e-02 3.60
1.21977e+02 1.55576e-02 3.60
1.20000e+02 1.51500e-02 3.60
1.19291e+02 1.50000e-02 3.60
1.18023e+02 1.47534e-02 3.60
1.16047e+02 1.43722e-02 3.60
1.14161e+02 1.40000e-02 3.60
1.14070e+02 1.39836e-02 3.60
1.12093e+02 1.36242e-02 3.60
1.10116e+02 1.32577e-02 3.60
1.08783e+02 1.30000e-02 3.60
1.08140e+02 1.28888e-02 3.60
1.06163e+02 1.25612e-02 3.60
1.04186e+02 1.22241e-02 3.60
1.03035e+02 1.20000e-02 3.60
1.02209e+02 1.18552e-02 3.60
1.00233e+02 1.15343e-02 3.60
9.82558e+01 1.12203e-02 3.60
9.68836e+01 1.10000e-02 3.60
9.62791e+01 1.09149e-02 3.60
9.43023e+01 1.06108e-02 3.60
9.23256e+01 1.03521e-02 3.60
9.03488e+01 1.00158e-02 3.60
9.02625e+01 1.00000e-02 3.60
8.83721e+01 9.69718e-03 3.60
8.63953e+01 9.41002e-03 3.60
8.44186e+01 9.14049e-03 3.60
8.34579e+01 9.00000e-03 3.60
8.24419e+01 8.87525e-03 3.60
8.04651e+01 8.61136e-03 3.60
7.84884e+01 8.32518e-03 3.60
7.65116e+01 8.04869e-03 3.60
7.61992e+01 8.00000e-03 3.60
7.45349e+01 7.77866e-03 3.60
7.25581e+01 7.54281e-03 3.60
7.05814e+01 7.31362e-03 3.60
6.86047e+01 7.06583e-03 3.60
6.80285e+01 7.00000e-03 3.60
6.66279e+01 6.87018e-03 3.60
6.46512e+01 6.65067e-03 3.60
6.26744e+01 6.38891e-03 3.60
6.06977e+01 6.16256e-03 3.60
5.93271e+01 6.00000e-03 3.60
5.87209e+01 5.94368e-03 3.60
5.67442e+01 5.74179e-03 3.60
5.47674e+01 5.54931e-03 3.60
5.27907e+01 5.33263e-03 3.60
5.08140e+01 5.08877e-03 3.60
5.02454e+01 5.00000e-03 3.60
4.88372e+01 4.83279e-03 3.60
4.68605e+01 4.66582e-03 3.60
4.48837e+01 4.49102e-03 3.60
4.29070e+01 4.27106e-03 3.60
4.09302e+01 4.04657e-03 3.60
4.05567e+01 4.00000e-03 3.60
3.89535e+01 3.86239e-03 3.60
3.69767e+01 3.70918e-03 3.60
3.50000e+01 3.56080e-03 3.60
2.87482e+02 1.05274e-01 3.00
2.86960e+02 1.05000e-01 3.00
2.86047e+02 1.04440e-01 3.00
2.85353e+02 1.04000e-01 3.00
2.84070e+02 1.03168e-01 3.00
2.83811e+02 1.03000e-01 3.00
2.82203e+02 1.02000e-01 3.00
2.82093e+02 1.01947e-01 3.00
2.80116e+02 1.01002e-01 3.00
2.80113e+02 1.01000e-01 3.00
2.78140e+02 1.00024e-01 3.00
2.78091e+02 1.00000e-01 3.00
2.76221e+02 9.90000e-02 3.00
2.76163e+02 9.89689e-02 3.00
2.74350e+02 9.80000e-02 3.00
2.74186e+02 9.79121e-02 3.00
2.72480e+02 9.70000e-02 3.00
2.72209e+02 9.68642e-02 3.00
2.70587e+02 9.60000e-02 3.00
2.70233e+02 9.58260e-02 3.00
2.68577e+02 9.50000e-02 3.00
2.68256e+02 9.48366e-02 3.00
2.66682e+02 9.40000e-02 3.00
2.66279e+02 9.37780e-02 3.00
2.64809e+02 9.30000e-02 3.00
2.64302e+02 9.27310e-02 3.00
2.62938e+02 9.20000e-02 3.00
2.62326e+02 9.16720e-02 3.00
2.61075e+02 9.10000e-02 3.00
2.60349e+02 9.06050e-02 3.00
2.59255e+02 9.00000e-02 3.00
2.58372e+02 8.95331e-02 3.00
2.57366e+02 8.90000e-02 3.00
2.56395e+02 8.84625e-02 3.00
2.55578e+02 8.80000e-02 3.00
2.54419e+02 8.73695e-02 3.00
2.53754e+02 8.70000e-02 3.00
2.52442e+02 8.62665e-02 3.00
2.51950e+02 8.60000e-02 3.00
2.50465e+02 8.51760e-02 3.00
2.50155e+02 8.50000e-02 3.00
2.48488e+02 8.40963e-02 3.00
2.48311e+02 8.40000e-02 3.00
2.46537e+02 8.30000e-02 3.00
2.46512e+02 8.29858e-02 3.00
2.44747e+02 8.20000e-02 3.00
2.44535e+02 8.18819e-02 3.00
2.42973e+02 8.10000e-02 3.00
2.42558e+02 8.07642e-02 3.00
2.41233e+02 8.00000e-02 3.00
2.40581e+02 7.96475e-02 3.00
2.39429e+02 7.90000e-02 3.00
2.38605e+02 7.85124e-02 3.00
2.37717e+02 7.80000e-02 3.00
2.36628e+02 7.73814e-02 3.00
2.35974e+02 7.70000e-02 3.00
2.34651e+02 7.62420e-02 3.00
2.34245e+02 7.60000e-02 3.00
2.32674e+02 7.50479e-02 3.00
2.32597e+02 7.50000e-02 3.00
2.30933e+02 7.40000e-02 3.00
2.30698e+02 7.38574e-02 3.00
2.29226e+02 7.30000e-02 3.00
2.28721e+02 7.27086e-02 3.00
2.27477e+02 7.20000e-02 3.00
2.26744e+02 7.15823e-02 3.00
2.25698e+02 7.10000e-02 3.00
2.24767e+02 7.04768e-02 3.00
2.23924e+02 7.00000e-02 3.00
2.22791e+02 6.93765e-02 3.00
2.22124e+02 6.90000e-02 3.00
2.20814e+02 6.82555e-02 3.00
2.20378e+02 6.80000e-02 3.00
2.18837e+02 6.71223e-02 3.00
2.18623e+02 6.70000e-02 3.00
2.16879e+02 6.60000e-02 3.00
2.16860e+02 6.59895e-02 3.00
2.15126e+02 6.50000e-02 3.00
2.14884e+02 6.48631e-02 3.00
2.13353e+02 6.40000e-02 3.00
2.12907e+02 6.37499e-02 3.00
2.11584e+02 6.30000e-02 3.00
2.10930e+02 6.26363e-02 3.00
2.09797e+02 6.20000e-02 3.00
2.08953e+02 6.15262e-02 3.00
2.08031e+02 6.10000e-02 3.00
2.06977e+02 6.04156e-02 3.00
2.06227e+02 6.00000e-02 3.00
2.05000e+02 5.93129e-02 3.00
2.04447e+02 5.90000e-02 3.00
2.03023e+02 5.82224e-02 3.00
2.02621e+02 5.80000e-02 3.00
2.01047e+02 5.71138e-02 3.00
2.00845e+02 5.70000e-02 3.00
1.99070e+02 5.60318e-02 3.00
1.99012e+02 5.60000e-02 3.00
1.97197e+02 5.50000e-02 3.00
1.97093e+02 5.49440e-02 3.00
1.95345e+02 5.40000e-02 3.00
1.95116e+02 5.38764e-02 3.00
1.93404e+02 5.30000e-02 3.00
1.93140e+02 5.28659e-02 3.00
1.91480e+02 5.20000e-02 3.00
1.91163e+02 5.18394e-02 3.00
1.89683e+02 5.10000e-02 3.00
1.89186e+02 5.07276e-02 3.00
1.87782e+02 5.00000e-02 3.00
1.87209e+02 4.96973e-02 3.00
1.85797e+02 4.90000e-02 3.00
1.85233e+02 4.87270e-02 3.00
1.83838e+02 4.80000e-02 3.00
1.83256e+02 4.77092e-02 3.00
1.81903e+02 4.70000e-02 3.00
1.81279e+02 4.66737e-02 3.00
1.79949e+02 4.60000e-02 3.00
1.79302e+02 4.56824e-02 3.00
1.77921e+02 4.50000e-02 3.00
1.77326e+02 4.47094e-02 3.00
1.75876e+02 4.40000e-02 3.00
1.75349e+02 4.37467e-02 3.00
1.73810e+02 4.30000e-02 3.00
1.73372e+02 4.27917e-02 3.00
1.71727e+02 4.20000e-02 3.00
1.71395e+02 4.18446e-02 3.00
1.69595e+02 4.10000e-02 3.00
1.69419e+02 4.09183e-02 3.00
1.67495e+02 4.00000e-02 3.00
1.67442e+02 3.99756e-02 3.00
1.65465e+02 3.90489e-02 3.00
1.65358e+02 3.90000e-02 3.00
1.63488e+02 3.81643e-02 3.00
1.63120e+02 3.80000e-02 3.00
1.61512e+02 3.73012e-02 3.00
1.60819e+02 3.70000e-02 3.00
1.59535e+02 3.64588e-02 3.00
1.58476e+02 3.60000e-02 3.00
1.57558e+02 3.56112e-02 3.00
1.56128e+02 3.50000e-02 3.00
1.55581e+02 3.47743e-02 3.00
1.53718e+02 3.40000e-02 3.00
1.53605e+02 3.39542e-02 3.00
1.51628e+02 3.31440e-02 3.00
1.51276e+02 3.30000e-02 3.00
1.49651e+02 3.23532e-02 3.00
1.48783e+02 3.20000e-02 3.00
1.47674e+02 3.15651e-02 3.00
1.46283e+02 3.10000e-02 3.00
1.45698e+02 3.07696e-02 3.00
1.43721e+02 3.00145e-02 3.00
1.43683e+02 3.00000e-02 3.00
1.41744e+02 2.92700e-02 3.00
1.41015e+02 2.90000e-02 3.00
1.39767e+02 2.85606e-02 3.00
1.38116e+02 2.80000e-02 3.00
1.37791e+02 2.78940e-02 3.00
1.35814e+02 2.71986e-02 3.00
1.35272e+02 2.70000e-02 3.00
1.33837e+02 2.64939e-02 3.00
1.32435e+02 2.60000e-02 3.00
1.31860e+02 2.58065e-02 3.00
1.29884e+02 2.51505e-02 3.00
1.29428e+02 2.50000e-02 3.00
1.27907e+02 2.45205e-02 3.00
1.26292e+02 2.40000e-02 3.00
1.25930e+02 2.38892e-02 3.00
1.23953e+02 2.32723e-02 3.00
1.23088e+02 2.30000e-02 3.00
1.21977e+02 2.26670e-02 3.00
1.20000e+02 2.20644e-02 3.00
1.19791e+02 2.20000e-02 3.00
1.18023e+02 2.14915e-02 3.00
1.16333e+02 2.10000e-02 3.00
1.16047e+02 2.09207e-02 3.00
1.14070e+02 2.03719e-02 3.00
1.12748e+02 2.00000e-02 3.00
1.12093e+02 1.98255e-02 3.00
1.10116e+02 1.92919e-02 3.00
1.09077e+02 1.90000e-02 3.00
1.08140e+02 1.87530e-02 3.00
1.06163e+02 1.82786e-02 3.00
1.05156e+02 1.80000e-02 3.00
1.04186e+02 1.77510e-02 3.00
1.02209e+02 1.72410e-02 3.00
1.01261e+02 1.70000e-02 3.00
1.00233e+02 1.67573e-02 3.00
9.82558e+01 1.63050e-02 3.00
9.69771e+01 1.60000e-02 3.00
9.62791e+01 1.58429e-02 3.00
9.43023e+01 1.54157e-02 3.00
9.23684e+01 1.50000e-02 3.00
9.23256e+01 1.49916e-02 3.00
9.03488e+01 1.45234e-02 3.00
8.83721e+01 1.40454e-02 3.00
8.81673e+01 1.40000e-02 3.00
8.63953e+01 1.36384e-02 3.00
8.44186e+01 1.32292e-02 3.00
8.33221e+01 1.30000e-02 3.00
8.24419e+01 1.28351e-02 3.00
8.04651e+01 1.24552e-02 3.00
7.84884e+01 1.20295e-02 3.00
7.83492e+01 1.20000e-02 3.00
7.65116e+01 1.16507e-02 3.00
7.45349e+01 1.12472e-02 3.00
7.32363e+01 1.10000e-02 3.00
7.25581e+01 1.08858e-02 3.00
7.05814e+01 1.05622e-02 3.00
6.86047e+01 1.02149e-02 3.00
6.73281e+01 1.00000e-02 3.00
6.66279e+01 9.89722e-03 3.00
6.46512e+01 9.57043e-03 3.00
6.26744e+01 9.18046e-03 3.00
6.15902e+01 9.00000e-03 3.00
6.06977e+01 8.87167e-03 3.00
5.87209e+01 8.56400e-03 3.00
5.67442e+01 8.23089e-03 3.00
5.52980e+01 8.00000e-03 3.00
5.47674e+01 7.92905e-03 3.00
5.27907e+01 7.63242e-03 3.00
5.08140e+01 7.30536e-03 3.00
4.93298e+01 7.00000e-03 3.00
4.88372e+01 6.91606e-03 3.00
4.68605e+01 6.65689e-03 3.00
4.48837e+01 6.40019e-03 3.00
4.29070e+01 6.07422e-03 3.00
4.24655e+01 6.00000e-03 3.00
4.09302e+01 5.79549e-03 3.00
3.89535e+01 5.51136e-03 3.00
3.69767e+01 5.24081e-03 3.00
3.52451e+01 5.00000e-03 3.00
3.50000e+01 4.97489e-03 3.00
2.78437e+02 1.28849e-01 2.55
2.78140e+02 1.28498e-01 2.55
2.77717e+02 1.28000e-01 2.55
2.76869e+02 1.27000e-01 2.55
2.76163e+02 1.26214e-01 2.55
2.75828e+02 1.26000e-01 2.55
2.74186e+02 1.25124e-01 2.55
2.73953e+02 1.25000e-01 2.55
2.72209e+02 1.24070e-01 2.55
2.72056e+02 1.24000e-01 2.55
2.70233e+02 1.23253e-01 2.55
2.69524e+02 1.23000e-01 2.55
2.68256e+02 1.22548e-01 2.55
2.67005e+02 1.22000e-01 2.55
2.66279e+02 1.21621e-01 2.55
2.65236e+02 1.21000e-01 2.55
2.64302e+02 1.20443e-01 2.55
2.63558e+02 1.20000e-01 2.55
2.62326e+02 1.19248e-01 2.55
2.61934e+02 1.19000e-01 2.55
2.60387e+02 1.18000e-01 2.55
2.60349e+02 1.17975e-01 2.55
2.58801e+02 1.17000e-01 2.55
2.58372e+02 1.16730e-01 2.55
2.57213e+02 1.16000e-01 2.55
2.56395e+02 1.15485e-01 2.55
2.55625e+02 1.15000e-01 2.55
2.54419e+02 1.14240e-01 2.55
2.54038e+02 1.14000e-01 2.55
2.52450e+02 1.13000e-01 2.55
2.52442e+02 1.12995e-01 2.55
2.50862e+02 1.12000e-01 2.55
2.50465e+02 1.11750e-01 2.55
2.49274e+02 1.11000e-01 2.55
2.48488e+02 1.10505e-01 2.55
2.47738e+02 1.10000e-01 2.55
2.46512e+02 1.09120e-01 2.55
2.46334e+02 1.09000e-01 2.55
2.44857e+02 1.08000e-01 2.55
2.44535e+02 1.07782e-01 2.55
2.43381e+02 1.07000e-01 2.55
2.42558e+02 1.06445e-01 2.55
2.41880e+02 1.06000e-01 2.55
2.40581e+02 1.05149e-01 2.55
2.40355e+02 1.05000e-01 2.55
2.38734e+02 1.04000e-01 2.55
2.38605e+02 1.03919e-01 2.55
2.37167e+02 1.03000e-01 2.55
2.36628e+02 1.02655e-01 2.55
2.35632e+02 1.02000e-01 2.55
2.34651e+02 1.01334e-01 2.55
2.34177e+02 1.01000e-01 2.55
2.32722e+02 1.00000e-01 2.55
2.32674e+02 9.99674e-02 2.55
2.31225e+02 9.90000e-02 2.55
2.30698e+02 9.86539e-02 2.55
2.29680e+02 9.80000e-02 2.55
2.28721e+02 9.73721e-02 2.55
2.28178e+02 9.70000e-02 2.55
2.26744e+02 9.60169e-02 2.55
2.26719e+02 9.60000e-02 2.55
2.25188e+02 9.50000e-02 2.55
2.24767e+02 9.47183e-02 2.55
2.23717e+02 9.40000e-02 2.55
2.22791e+02 9.33669e-02 2.55
2.22252e+02 9.30000e-02 2.55
2.20814e+02 9.20681e-02 2.55
2.20713e+02 9.20000e-02 2.55
2.19264e+02 9.10000e-02 2.55
2.18837e+02 9.07047e-02 2.55
2.17827e+02 9.00000e-02 2.55
2.16860e+02 8.93233e-02 2.55
2.16400e+02 8.90000e-02 2.55
2.14981e+02 8.80000e-02 2.55
2.14884e+02 8.79321e-02 2.55
2.13542e+02 8.70000e-02 2.55
2.12907e+02 8.65875e-02 2.55
2.12041e+02 8.60000e-02 2.55
2.10930e+02 8.52148e-02 2.55
2.10626e+02 8.50000e-02 2.55
2.09215e+02 8.40000e-02 2.55
2.08953e+02 8.38253e-02 2.55
2.07764e+02 8.30000e-02 2.55
2.06977e+02 8.24373e-02 2.55
2.06352e+02 8.20000e-02 2.55
2.05000e+02 8.10508e-02 2.55
2.04929e+02 8.10000e-02 2.55
2.03474e+02 8.00000e-02 2.55
2.03023e+02 7.96843e-02 2.55
2.02009e+02 7.90000e-02 2.55
2.01047e+02 7.83536e-02 2.55
2.00511e+02 7.80000e-02 2.55
1.99070e+02 7.70541e-02 2.55
1.98994e+02 7.70000e-02 2.55
1.97593e+02 7.60000e-02 2.55
1.97093e+02 7.56649e-02 2.55
1.96155e+02 7.50000e-02 2.55
1.95116e+02 7.42524e-02 2.55
1.94740e+02 7.40000e-02 2.55
1.93263e+02 7.30000e-02 2.55
1.93140e+02 7.29175e-02 2.55
1.91723e+02 7.20000e-02 2.55
1.91163e+02 7.16306e-02 2.55
1.90267e+02 7.10000e-02 2.55
1.89186e+02 7.02720e-02 2.55
1.88795e+02 7.00000e-02 2.55
1.87364e+02 6.90000e-02 2.55
1.87209e+02 6.88925e-02 2.55
1.85895e+02 6.80000e-02 2.55
1.85233e+02 6.75552e-02 2.55
1.84410e+02 6.70000e-02 2.55
1.83256e+02 6.62043e-02 2.55
1.82958e+02 6.60000e-02 2.55
1.81419e+02 6.50000e-02 2.55
1.81279e+02 6.49088e-02 2.55
1.79904e+02 6.40000e-02 2.55
1.79302e+02 6.36112e-02 2.55
1.78370e+02 6.30000e-02 2.55
1.77326e+02 6.23148e-02 2.55
1.76843e+02 6.20000e-02 2.55
1.75349e+02 6.10222e-02 2.55
1.75315e+02 6.10000e-02 2.55
1.73751e+02 6.00000e-02 2.55
1.73372e+02 5.97545e-02 2.55
1.72237e+02 5.90000e-02 2.55
1.71395e+02 5.84673e-02 2.55
1.70663e+02 5.80000e-02 2.55
1.69419e+02 5.71818e-02 2.55
1.69134e+02 5.70000e-02 2.55
1.67511e+02 5.60000e-02 2.55
1.67442e+02 5.59573e-02 2.55
1.65893e+02 5.50000e-02 2.55
1.65465e+02 5.47460e-02 2.55
1.64210e+02 5.40000e-02 2.55
1.63488e+02 5.35689e-02 2.55
1.62558e+02 5.30000e-02 2.55
1.61512e+02 5.23813e-02 2.55
1.60872e+02 5.20000e-02 2.55
1.59535e+02 5.11934e-02 2.55
1.59218e+02 5.10000e-02 2.55
1.57558e+02 5.00290e-02 2.55
1.57509e+02 5.00000e-02 2.55
1.55810e+02 4.90000e-02 2.55
1.55581e+02 4.88670e-02 2.55
1.54072e+02 4.80000e-02 2.55
1.53605e+02 4.77367e-02 2.55
1.52317e+02 4.70000e-02 2.55
1.51628e+02 4.66084e-02 2.55
1.50576e+02 4.60000e-02 2.55
1.49651e+02 4.54915e-02 2.55
1.48773e+02 4.50000e-02 2.55
1.47674e+02 4.43982e-02 2.55
1.46949e+02 4.40000e-02 2.55
1.45698e+02 4.33370e-02 2.55
1.45077e+02 4.30000e-02 2.55
1.43721e+02 4.22998e-02 2.55
1.43133e+02 4.20000e-02 2.55
1.41744e+02 4.12905e-02 2.55
1.41163e+02 4.10000e-02 2.55
1.39767e+02 4.02913e-02 2.55
1.39203e+02 4.00000e-02 2.55
1.37791e+02 3.92941e-02 2.55
1.37226e+02 3.90000e-02 2.55
1.35814e+02 3.82896e-02 2.55
1.35235e+02 3.80000e-02 2.55
1.33837e+02 3.73114e-02 2.55
1.33198e+02 3.70000e-02 2.55
1.31860e+02 3.63644e-02 2.55
1.31089e+02 3.60000e-02 2.55
1.29884e+02 3.54486e-02 2.55
1.28935e+02 3.50000e-02 2.55
1.27907e+02 3.45335e-02 2.55
1.26730e+02 3.40000e-02 2.55
1.25930e+02 3.36454e-02 2.55
1.24487e+02 3.30000e-02 2.55
1.23953e+02 3.27687e-02 2.55
1.22193e+02 3.20000e-02 2.55
1.21977e+02 3.19086e-02 2.55
1.20000e+02 3.10485e-02 2.55
1.19887e+02 3.10000e-02 2.55
1.18023e+02 3.02327e-02 2.55
1.17463e+02 3.00000e-02 2.55
1.16047e+02 2.94335e-02 2.55
1.14983e+02 2.90000e-02 2.55
1.14070e+02 2.86433e-02 2.55
1.12452e+02 2.80000e-02 2.55
1.12093e+02 2.78623e-02 2.55
1.10116e+02 2.70946e-02 2.55
1.09875e+02 2.70000e-02 2.55
1.08140e+02 2.63456e-02 2.55
1.07160e+02 2.60000e-02 2.55
1.06163e+02 2.56660e-02 2.55
1.04498e+02 2.50000e-02 2.55
1.04186e+02 2.48810e-02 2.55
1.02209e+02 2.41809e-02 2.55
1.01718e+02 2.40000e-02 2.55
1.00233e+02 2.34919e-02 2.55
9.86855e+01 2.30000e-02 2.55
9.82558e+01 2.28627e-02 2.55
9.62791e+01 2.21695e-02 2.55
9.57193e+01 2.20000e-02 2.55
9.43023e+01 2.15987e-02 2.55
9.24260e+01 2.10000e-02 2.55
9.23256e+01 2.09699e-02 2.55
9.03488e+01 2.02896e-02 2.55
8.94867e+01 2.00000e-02 2.55
8.83721e+01 1.96497e-02 2.55
8.63953e+01 1.90607e-02 2.55
8.61911e+01 1.90000e-02 2.55
8.44186e+01 1.85111e-02 2.55
8.26382e+01 1.80000e-02 2.55
8.24419e+01 1.79468e-02 2.55
8.04651e+01 1.73751e-02 2.55
7.92252e+01 1.70000e-02 2.55
7.84884e+01 1.67925e-02 2.55
7.65116e+01 1.62366e-02 2.55
7.57019e+01 1.60000e-02 2.55
7.45349e+01 1.56853e-02 2.55
7.25581e+01 1.51751e-02 2.55
7.18562e+01 1.50000e-02 2.55
7.05814e+01 1.47084e-02 2.55
6.86047e+01 1.42116e-02 2.55
6.77299e+01 1.40000e-02 2.55
6.66279e+01 1.37585e-02 2.55
6.46512e+01 1.32877e-02 2.55
6.36412e+01 1.30000e-02 2.55
6.26744e+01 1.27494e-02 2.55
6.06977e+01 1.23241e-02 2.55
5.93763e+01 1.20000e-02 2.55
5.87209e+01 1.18563e-02 2.55
5.67442e+01 1.14124e-02 2.55
5.48921e+01 1.10000e-02 2.55
5.47674e+01 1.09755e-02 2.55
5.27907e+01 1.05514e-02 2.55
5.08140e+01 1.00834e-02 2.55
5.05146e+01 1.00000e-02 2.55
4.88372e+01 9.58964e-03 2.55
4.68605e+01 9.19085e-03 2.55
4.59424e+01 9.00000e-03 2.55
4.48837e+01 8.81203e-03 2.55
4.29070e+01 8.39707e-03 2.55
4.11373e+01 8.00000e-03 2.55
4.09302e+01 7.96087e-03 2.55
3.89535e+01 7.57429e-03 2.55
3.69767e+01 7.19599e-03 2.55
3.59956e+01 7.00000e-03 2.55
3.50000e+01 6.83876e-03 2.55
2.58372e+02 1.56721e-01 2.10
2.57151e+02 1.56000e-01 2.10
2.56395e+02 1.55555e-01 2.10
2.55456e+02 1.55000e-01 2.10
2.54419e+02 1.54388e-01 2.10
2.53738e+02 1.54000e-01 2.10
2.52442e+02 1.53251e-01 2.10
2.52004e+02 1.53000e-01 2.10
2.50465e+02 1.52118e-01 2.10
2.50260e+02 1.52000e-01 2.10
2.48581e+02 1.51000e-01 2.10
2.48488e+02 1.50943e-01 2.10
2.46998e+02 1.50000e-01 2.10
2.46512e+02 1.49692e-01 2.10
2.45418e+02 1.49000e-01 2.10
2.44535e+02 1.48451e-01 2.10
2.43842e+02 1.48000e-01 2.10
2.42558e+02 1.47148e-01 2.10
2.42334e+02 1.47000e-01 2.10
2.40813e+02 1.46000e-01 2.10
2.40581e+02 1.45847e-01 2.10
2.39306e+02 1.45000e-01 2.10
2.38605e+02 1.44527e-01 2.10
2.37821e+02 1.44000e-01 2.10
2.36628e+02 1.43191e-01 2.10
2.36345e+02 1.43000e-01 2.10
2.34871e+02 1.42000e-01 2.10
2.34651e+02 1.41848e-01 2.10
2.33441e+02 1.41000e-01 2.10
2.32674e+02 1.40459e-01 2.10
2.32020e+02 1.40000e-01 2.10
2.30698e+02 1.39065e-01 2.10
2.30608e+02 1.39000e-01 2.10
2.29225e+02 1.38000e-01 2.10
2.28721e+02 1.37630e-01 2.10
2.27861e+02 1.37000e-01 2.10
2.26744e+02 1.36179e-01 2.10
2.26501e+02 1.36000e-01 2.10
2.25167e+02 1.35000e-01 2.10
2.24767e+02 1.34696e-01 2.10
2.23864e+02 1.34000e-01 2.10
2.22791e+02 1.33173e-01 2.10
2.22566e+02 1.33000e-01 2.10
2.21267e+02 1.32000e-01 2.10
2.20814e+02 1.31650e-01 2.10
2.19988e+02 1.31000e-01 2.10
2.18837e+02 1.30065e-01 2.10
2.18756e+02 1.30000e-01 2.10
2.17492e+02 1.29000e-01 2.10
2.16860e+02 1.28494e-01 2.10
2.16249e+02 1.28000e-01 2.10
2.14970e+02 1.27000e-01 2.10
2.14884e+02 1.26933e-01 2.10
2.13683e+02 1.26000e-01 2.10
2.12907e+02 1.25401e-01 2.10
2.12391e+02 1.25000e-01 2.10
2.11174e+02 1.24000e-01 2.10
2.10930e+02 1.23789e-01 2.10
2.10020e+02 1.23000e-01 2.10
2.08953e+02 1.22069e-01 2.10
2.08874e+02 1.22000e-01 2.10
2.07716e+02 1.21000e-01 2.10
2.06977e+02 1.20395e-01 2.10
2.06516e+02 1.20000e-01 2.10
2.05295e+02 1.19000e-01 2.10
2.05000e+02 1.18758e-01 2.10
2.04065e+02 1.18000e-01 2.10
2.03023e+02 1.17131e-01 2.10
2.02871e+02 1.17000e-01 2.10
2.01764e+02 1.16000e-01 2.10
2.01047e+02 1.15371e-01 2.10
2.00632e+02 1.15000e-01 2.10
1.99508e+02 1.14000e-01 2.10
1.99070e+02 1.13627e-01 2.10
1.98370e+02 1.13000e-01 2.10
1.97259e+02 1.12000e-01 2.10
1.97093e+02 1.11852e-01 2.10
1.96137e+02 1.11000e-01 2.10
1.95116e+02 1.10081e-01 2.10
1.95026e+02 1.10000e-01 2.10
1.93920e+02 1.09000e-01 2.10
1.93140e+02 1.08295e-01 2.10
1.92809e+02 1.08000e-01 2.10
1.91692e+02 1.07000e-01 2.10
1.91163e+02 1.06523e-01 2.10
1.90581e+02 1.06000e-01 2.10
1.89475e+02 1.05000e-01 2.10
1.89186e+02 1.04740e-01 2.10
1.88364e+02 1.04000e-01 2.10
1.87253e+02 1.03000e-01 2.10
1.87209e+02 1.02962e-01 2.10
1.86150e+02 1.02000e-01 2.10
1.85233e+02 1.01174e-01 2.10
1.85045e+02 1.01000e-01 2.10
1.83951e+02 1.00000e-01 2.10
1.83256e+02 9.93751e-02 2.10
1.82845e+02 9.90000e-02 2.10
1.81755e+02 9.80000e-02 2.10
1.81279e+02 9.75586e-02 2.10
1.80677e+02 9.70000e-02 2.10
1.79600e+02 9.60000e-02 2.10
1.79302e+02 9.57280e-02 2.10
1.78510e+02 9.50000e-02 2.10
1.77419e+02 9.40000e-02 2.10
1.77326e+02 9.39156e-02 2.10
1.76300e+02 9.30000e-02 2.10
1.75349e+02 9.21254e-02 2.10
1.75210e+02 9.20000e-02 2.10
1.74094e+02 9.10000e-02 2.10
1.73372e+02 9.03480e-02 2.10
1.72980e+02 9.00000e-02 2.10
1.71857e+02 8.90000e-02 2.10
1.71395e+02 8.85886e-02 2.10
1.70755e+02 8.80000e-02 2.10
1.69630e+02 8.70000e-02 2.10
1.69419e+02 8.68151e-02 2.10
1.68502e+02 8.60000e-02 2.10
1.67442e+02 8.50577e-02 2.10
1.67377e+02 8.50000e-02 2.10
1.66273e+02 8.40000e-02 2.10
1.65465e+02 8.32715e-02 2.10
1.65168e+02 8.30000e-02 2.10
1.64060e+02 8.20000e-02 2.10
1.63488e+02 8.14971e-02 2.10
1.62938e+02 8.10000e-02 2.10
1.61824e+02 8.00000e-02 2.10
1.61512e+02 7.97194e-02 2.10
1.60700e+02 7.90000e-02 2.10
1.59573e+02 7.80000e-02 2.10
1.59535e+02 7.79666e-02 2.10
1.58410e+02 7.70000e-02 2.10
1.57558e+02 7.62500e-02 2.10
1.57277e+02 7.60000e-02 2.10
1.56129e+02 7.50000e-02 2.10
1.55581e+02 7.45344e-02 2.10
1.54962e+02 7.40000e-02 2.10
1.53803e+02 7.30000e-02 2.10
1.53605e+02 7.28289e-02 2.10
1.52646e+02 7.20000e-02 2.10
1.51628e+02 7.11198e-02 2.10
1.51491e+02 7.10000e-02 2.10
1.50312e+02 7.00000e-02 2.10
1.49651e+02 6.94486e-02 2.10
1.49109e+02 6.90000e-02 2.10
1.47915e+02 6.80000e-02 2.10
1.47674e+02 6.78029e-02 2.10
1.46640e+02 6.70000e-02 2.10
1.45698e+02 6.62593e-02 2.10
1.45374e+02 6.60000e-02 2.10
1.44098e+02 6.50000e-02 2.10
1.43721e+02 6.47145e-02 2.10
1.42814e+02 6.40000e-02 2.10
1.41744e+02 6.31405e-02 2.10
1.41575e+02 6.30000e-02 2.10
1.40325e+02 6.20000e-02 2.10
1.39767e+02 6.15563e-02 2.10
1.39066e+02 6.10000e-02 2.10
1.37805e+02 6.00000e-02 2.10
1.37791e+02 5.99887e-02 2.10
1.36495e+02 5.90000e-02 2.10
1.35814e+02 5.84751e-02 2.10
1.35180e+02 5.80000e-02 2.10
1.33839e+02 5.70000e-02 2.10
1.33837e+02 5.69991e-02 2.10
1.32462e+02 5.60000e-02 2.10
1.31860e+02 5.55701e-02 2.10
1.31074e+02 5.50000e-02 2.10
1.29884e+02 5.41418e-02 2.10
1.29689e+02 5.40000e-02 2.10
1.28286e+02 5.30000e-02 2.10
1.27907e+02 5.27302e-02 2.10
1.26878e+02 5.20000e-02 2.10
1.25930e+02 5.13378e-02 2.10
1.25454e+02 5.10000e-02 2.10
1.24010e+02 5.00000e-02 2.10
1.23953e+02 4.99622e-02 2.10
1.22544e+02 4.90000e-02 2.10
1.21977e+02 4.86209e-02 2.10
1.21031e+02 4.80000e-02 2.10
1.20000e+02 4.73215e-02 2.10
1.19511e+02 4.70000e-02 2.10
1.18023e+02 4.60409e-02 2.10
1.17961e+02 4.60000e-02 2.10
1.16378e+02 4.50000e-02 2.10
1.16047e+02 4.47931e-02 2.10
1.14779e+02 4.40000e-02 2.10
1.14070e+02 4.35651e-02 2.10
1.13163e+02 4.30000e-02 2.10
1.12093e+02 4.23486e-02 2.10
1.11533e+02 4.20000e-02 2.10
1.10116e+02 4.11270e-02 2.10
1.09890e+02 4.10000e-02 2.10
1.08140e+02 4.00518e-02 2.10
1.08058e+02 4.00000e-02 2.10
1.06416e+02 3.90000e-02 2.10
1.06163e+02 3.88506e-02 2.10
1.04670e+02 3.80000e-02 2.10
1.04186e+02 3.77286e-02 2.10
1.02881e+02 3.70000e-02 2.10
1.02209e+02 3.66354e-02 2.10
1.01002e+02 3.60000e-02 2.10
1.00233e+02 3.56070e-02 2.10
9.90982e+01 3.50000e-02 2.10
9.82558e+01 3.45653e-02 2.10
9.71732e+01 3.40000e-02 2.10
9.62791e+01 3.35463e-02 2.10
9.51685e+01 3.30000e-02 2.10
9.43023e+01 3.25903e-02 2.10
9.31711e+01 3.20000e-02 2.10
9.23256e+01 3.15774e-02 2.10
9.12203e+01 3.10000e-02 2.10
9.03488e+01 3.05563e-02 2.10
8.91988e+01 3.00000e-02 2.10
8.83721e+01 2.96119e-02 2.10
8.70301e+01 2.90000e-02 2.10
8.63953e+01 2.87204e-02 2.10
8.47882e+01 2.80000e-02 2.10
8.44186e+01 2.78415e-02 2.10
8.25579e+01 2.70000e-02 2.10
8.24419e+01 2.69499e-02 2.10
8.04651e+01 2.60549e-02 2.10
8.03444e+01 2.60000e-02 2.10
7.84884e+01 2.51892e-02 2.10
7.80736e+01 2.50000e-02 2.10
7.65116e+01 2.43185e-02 2.10
7.57573e+01 2.40000e-02 2.10
7.45349e+01 2.35023e-02 2.10
7.32872e+01 2.30000e-02 2.10
7.25581e+01 2.27193e-02 2.10
7.06550e+01 2.20000e-02 2.10
7.05814e+01 2.19742e-02 2.10
6.86047e+01 2.12247e-02 2.10
6.80087e+01 2.10000e-02 2.10
6.66279e+01 2.05146e-02 2.10
6.53280e+01 2.00000e-02 2.10
6.46512e+01 1.97483e-02 2.10
6.27950e+01 1.90000e-02 2.10
6.26744e+01 1.89541e-02 2.10
6.06977e+01 1.82870e-02 2.10
5.98781e+01 1.80000e-02 2.10
5.87209e+01 1.76256e-02 2.10
5.69440e+01 1.70000e-02 2.10
5.67442e+01 1.69339e-02 2.10
5.47674e+01 1.62894e-02 2.10
5.39457e+01 1.60000e-02 2.10
5.27907e+01 1.56225e-02 2.10
5.10165e+01 1.50000e-02 2.10
5.08140e+01 1.49346e-02 2.10
4.88372e+01 1.42029e-02 2.10
4.82095e+01 1.40000e-02 2.10
4.68605e+01 1.35995e-02 2.10
4.48837e+01 1.30122e-02 2.10
4.48485e+01 1.30000e-02 2.10
4.29070e+01 1.23884e-02 2.10
4.17277e+01 1.20000e-02 2.10
4.09302e+01 1.17624e-02 2.10
3.89535e+01 1.11387e-02 2.10
3.84897e+01 1.10000e-02 2.10
3.69767e+01 1.05920e-02 2.10
3.50000e+01 1.00243e-02 2.10
2.02188e+02 1.57000e-01 1.80
2.01047e+02 1.56270e-01 1.80
2.00624e+02 1.56000e-01 1.80
1.99070e+02 1.55006e-01 1.80
1.99060e+02 1.55000e-01 1.80
1.97496e+02 1.54000e-01 1.80
1.97093e+02 1.53629e-01 1.80
1.96419e+02 1.53000e-01 1.80
1.95369e+02 1.52000e-01 1.80
1.95116e+02 1.51760e-01 1.80
1.94317e+02 1.51000e-01 1.80
1.93266e+02 1.50000e-01 1.80
1.93140e+02 1.49880e-01 1.80
1.92231e+02 1.49000e-01 1.80
1.91255e+02 1.48000e-01 1.80
1.91163e+02 1.47904e-01 1.80
1.90300e+02 1.47000e-01 1.80
1.89343e+02 1.46000e-01 1.80
1.89186e+02 1.45836e-01 1.80
1.88389e+02 1.45000e-01 1.80
1.87425e+02 1.44000e-01 1.80
1.87209e+02 1.43775e-01 1.80
1.86471e+02 1.43000e-01 1.80
1.85519e+02 1.42000e-01 1.80
1.85233e+02 1.41698e-01 1.80
1.84569e+02 1.41000e-01 1.80
1.83620e+02 1.40000e-01 1.80
1.83256e+02 1.39616e-01 1.80
1.82671e+02 1.39000e-01 1.80
1.81765e+02 1.38000e-01 1.80
1.81279e+02 1.37419e-01 1.80
1.80942e+02 1.37000e-01 1.80
1.80138e+02 1.36000e-01 1.80
1.79331e+02 1.35000e-01 1.80
1.79302e+02 1.34968e-01 1.80
1.78441e+02 1.34000e-01 1.80
1.77551e+02 1.33000e-01 1.80
1.77326e+02 1.32747e-01 1.80
1.76661e+02 1.32000e-01 1.80
1.75763e+02 1.31000e-01 1.80
1.75349e+02 1.30550e-01 1.80
1.74860e+02 1.30000e-01 1.80
1.73986e+02 1.29000e-01 1.80
1.73372e+02 1.28272e-01 1.80
1.73142e+02 1.28000e-01 1.80
1.72312e+02 1.27000e-01 1.80
1.71486e+02 1.26000e-01 1.80
1.71395e+02 1.25891e-01 1.80
1.70656e+02 1.25000e-01 1.80
1.69814e+02 1.24000e-01 1.80
1.69419e+02 1.23526e-01 1.80
1.68980e+02 1.23000e-01 1.80
1.68155e+02 1.22000e-01 1.80
1.67442e+02 1.21137e-01 1.80
1.67327e+02 1.21000e-01 1.80
1.66494e+02 1.20000e-01 1.80
1.65654e+02 1.19000e-01 1.80
1.65465e+02 1.18775e-01 1.80
1.64816e+02 1.18000e-01 1.80
1.63963e+02 1.17000e-01 1.80
1.63488e+02 1.16446e-01 1.80
1.63110e+02 1.16000e-01 1.80
1.62284e+02 1.15000e-01 1.80
1.61512e+02 1.14030e-01 1.80
1.61489e+02 1.14000e-01 1.80
1.60706e+02 1.13000e-01 1.80
1.59899e+02 1.12000e-01 1.80
1.59535e+02 1.11555e-01 1.80
1.59081e+02 1.11000e-01 1.80
1.58245e+02 1.10000e-01 1.80
1.57558e+02 1.09165e-01 1.80
1.57419e+02 1.09000e-01 1.80
1.56595e+02 1.08000e-01 1.80
1.55789e+02 1.07000e-01 1.80
1.55581e+02 1.06748e-01 1.80
1.54957e+02 1.06000e-01 1.80
1.54107e+02 1.05000e-01 1.80
1.53605e+02 1.04414e-01 1.80
1.53246e+02 1.04000e-01 1.80
1.52391e+02 1.03000e-01 1.80
1.51628e+02 1.02108e-01 1.80
1.51537e+02 1.02000e-01 1.80
1.50699e+02 1.01000e-01 1.80
1.49852e+02 1.00000e-01 1.80
1.49651e+02 9.97607e-02 1.80
1.49021e+02 9.90000e-02 1.80
1.48156e+02 9.80000e-02 1.80
1.47674e+02 9.74499e-02 1.80
1.47296e+02 9.70000e-02 1.80
1.46459e+02 9.60000e-02 1.80
1.45698e+02 9.50890e-02 1.80
1.45623e+02 9.50000e-02 1.80
1.44772e+02 9.40000e-02 1.80
1.43916e+02 9.30000e-02 1.80
1.43721e+02 9.27728e-02 1.80
1.43054e+02 9.20000e-02 1.80
1.42207e+02 9.10000e-02 1.80
1.41744e+02 9.04694e-02 1.80
1.41334e+02 9.00000e-02 1.80
1.40449e+02 8.90000e-02 1.80
1.39767e+02 8.82389e-02 1.80
1.39552e+02 8.80000e-02 1.80
1.38652e+02 8.70000e-02 1.80
1.37791e+02 8.60417e-02 1.80
1.37754e+02 8.60000e-02 1.80
1.36848e+02 8.50000e-02 1.80
1.35934e+02 8.40000e-02 1.80
1.35814e+02 8.38722e-02 1.80
1.35022e+02 8.30000e-02 1.80
1.34119e+02 8.20000e-02 1.80
1.33837e+02 8.16845e-02 1.80
1.33225e+02 8.10000e-02 1.80
1.32321e+02 8.00000e-02 1.80
1.31860e+02 7.95127e-02 1.80
1.31384e+02 7.90000e-02 1.80
1.30445e+02 7.80000e-02 1.80
1.29884e+02 7.74031e-02 1.80
1.29507e+02 7.70000e-02 1.80
1.28558e+02 7.60000e-02 1.80
1.27907e+02 7.53070e-02 1.80
1.27618e+02 7.50000e-02 1.80
1.26670e+02 7.40000e-02 1.80
1.25930e+02 7.32448e-02 1.80
1.25690e+02 7.30000e-02 1.80
1.24689e+02 7.20000e-02 1.80
1.23953e+02 7.12612e-02 1.80
1.23692e+02 7.10000e-02 1.80
1.22690e+02 7.00000e-02 1.80
1.21977e+02 6.92993e-02 1.80
1.21673e+02 6.90000e-02 1.80
1.20645e+02 6.80000e-02 1.80
1.20000e+02 6.73738e-02 1.80
1.19615e+02 6.70000e-02 1.80
1.18580e+02 6.60000e-02 1.80
1.18023e+02 6.54786e-02 1.80
1.17525e+02 6.50000e-02 1.80
1.16442e+02 6.40000e-02 1.80
1.16047e+02 6.36393e-02 1.80
1.15349e+02 6.30000e-02 1.80
1.14288e+02 6.20000e-02 1.80
1.14070e+02 6.18019e-02 1.80
1.13198e+02 6.10000e-02 1.80
1.12093e+02 6.00535e-02 1.80
1.12031e+02 6.00000e-02 1.80
1.10841e+02 5.90000e-02 1.80
1.10116e+02 5.83471e-02 1.80
1.09742e+02 5.80000e-02 1.80
1.08621e+02 5.70000e-02 1.80
1.08140e+02 5.66059e-02 1.80
1.07426e+02 5.60000e-02 1.80
1.06253e+02 5.50000e-02 1.80
1.06163e+02 5.49224e-02 1.80
1.05070e+02 5.40000e-02 1.80
1.04186e+02 5.32529e-02 1.80
1.03885e+02 5.30000e-02 1.80
1.02606e+02 5.20000e-02 1.80
1.02209e+02 5.16940e-02 1.80
1.01314e+02 5.10000e-02 1.80
1.00233e+02 5.01350e-02 1.80
1.00066e+02 5.00000e-02 1.80
9.87816e+01 4.90000e-02 1.80
9.82558e+01 4.86131e-02 1.80
9.74190e+01 4.80000e-02 1.80
9.62791e+01 4.71622e-02 1.80
9.60686e+01 4.70000e-02 1.80
9.47198e+01 4.60000e-02 1.80
9.43023e+01 4.57007e-02 1.80
9.33767e+01 4.50000e-02 1.80
9.23256e+01 4.41946e-02 1.80
9.20598e+01 4.40000e-02 1.80
9.06738e+01 4.30000e-02 1.80
9.03488e+01 4.27739e-02 1.80
8.91903e+01 4.20000e-02 1.80
8.83721e+01 4.14573e-02 1.80
8.76744e+01 4.10000e-02 1.80
8.63953e+01 4.01697e-02 1.80
8.61447e+01 4.00000e-02 1.80
8.46301e+01 3.90000e-02 1.80
8.44186e+01 3.88655e-02 1.80
8.31363e+01 3.80000e-02 1.80
8.24419e+01 3.75460e-02 1.80
8.16144e+01 3.70000e-02 1.80
8.04651e+01 3.62484e-02 1.80
8.00766e+01 3.60000e-02 1.80
7.84884e+01 3.50230e-02 1.80
7.84529e+01 3.50000e-02 1.80
7.68668e+01 3.40000e-02 1.80
7.65116e+01 3.37827e-02 1.80
7.51737e+01 3.30000e-02 1.80
7.45349e+01 3.26379e-02 1.80
7.34055e+01 3.20000e-02 1.80
7.25581e+01 3.15324e-02 1.80
7.15867e+01 3.10000e-02 1.80
7.05814e+01 3.04702e-02 1.80
6.97318e+01 3.00000e-02 1.80
6.86047e+01 2.93957e-02 1.80
6.78513e+01 2.90000e-02 1.80
6.66279e+01 2.83807e-02 1.80
6.59675e+01 2.80000e-02 1.80
6.46512e+01 2.72757e-02 1.80
6.41575e+01 2.70000e-02 1.80
6.26744e+01 2.61943e-02 1.80
6.22870e+01 2.60000e-02 1.80
6.06977e+01 2.52357e-02 1.80
6.02282e+01 2.50000e-02 1.80
5.87209e+01 2.42824e-02 1.80
5.81568e+01 2.40000e-02 1.80
5.67442e+01 2.33212e-02 1.80
5.60800e+01 2.30000e-02 1.80
5.47674e+01 2.23935e-02 1.80
5.39722e+01 2.20000e-02 1.80
5.27907e+01 2.14557e-02 1.80
5.18505e+01 2.10000e-02 1.80
5.08140e+01 2.05154e-02 1.80
4.98153e+01 2.00000e-02 1.80
4.88372e+01 1.95160e-02 1.80
4.76947e+01 1.90000e-02 1.80
4.68605e+01 1.86409e-02 1.80
4.53589e+01 1.80000e-02 1.80
4.48837e+01 1.78144e-02 1.80
4.30705e+01 1.70000e-02 1.80
4.29070e+01 1.69313e-02 1.80
4.09302e+01 1.60598e-02 1.80
4.07989e+01 1.60000e-02 1.80
3.89535e+01 1.52179e-02 1.80
3.84256e+01 1.50000e-02 1.80
3.69767e+01 1.44446e-02 1.80
3.58850e+01 1.40000e-02 1.80
3.50000e+01 1.36687e-02 1.80
1.44363e+02 1.51325e-01 1.50
1.44159e+02 1.51000e-01 1.50
1.43721e+02 1.50321e-01 1.50
1.43516e+02 1.50000e-01 1.50
1.42918e+02 1.49000e-01 1.50
1.42331e+02 1.48000e-01 1.50
1.41744e+02 1.47000e-01 1.50
1.41744e+02 1.47000e-01 1.50
1.41157e+02 1.46000e-01 1.50
1.40570e+02 1.45000e-01 1.50
1.39983e+02 1.44000e-01 1.50
1.39767e+02 1.43660e-01 1.50
1.39358e+02 1.43000e-01 1.50
1.38787e+02 1.42000e-01 1.50
1.38250e+02 1.41000e-01 1.50
1.37791e+02 1.40139e-01 1.50
1.37716e+02 1.40000e-01 1.50
1.37183e+02 1.39000e-01 1.50
1.36649e+02 1.38000e-01 1.50
1.36108e+02 1.37000e-01 1.50
1.35814e+02 1.36493e-01 1.50
1.35530e+02 1.36000e-01 1.50
1.34954e+02 1.35000e-01 1.50
1.34364e+02 1.34000e-01 1.50
1.33837e+02 1.33069e-01 1.50
1.33800e+02 1.33000e-01 1.50
1.33254e+02 1.32000e-01 1.50
1.32765e+02 1.31000e-01 1.50
1.32226e+02 1.30000e-01 1.50
1.31860e+02 1.29320e-01 1.50
1.31692e+02 1.29000e-01 1.50
1.31163e+02 1.28000e-01 1.50
1.30635e+02 1.27000e-01 1.50
1.30107e+02 1.26000e-01 1.50
1.29884e+02 1.25546e-01 1.50
1.29619e+02 1.25000e-01 1.50
1.29067e+02 1.24000e-01 1.50
1.28503e+02 1.23000e-01 1.50
1.27948e+02 1.22000e-01 1.50
1.27907e+02 1.21925e-01 1.50
1.27408e+02 1.21000e-01 1.50
1.26872e+02 1.20000e-01 1.50
1.26334e+02 1.19000e-01 1.50
1.25930e+02 1.18265e-01 1.50
1.25786e+02 1.18000e-01 1.50
1.25218e+02 1.17000e-01 1.50
1.24653e+02 1.16000e-01 1.50
1.24091e+02 1.15000e-01 1.50
1.23953e+02 1.14753e-01 1.50
1.23531e+02 1.14000e-01 1.50
1.22974e+02 1.13000e-01 1.50
1.22396e+02 1.12000e-01 1.50
1.21977e+02 1.11290e-01 1.50
1.21809e+02 1.11000e-01 1.50
1.21243e+02 1.10000e-01 1.50
1.20676e+02 1.09000e-01 1.50
1.20109e+02 1.08000e-01 1.50
1.20000e+02 1.07811e-01 1.50
1.19538e+02 1.07000e-01 1.50
1.18918e+02 1.06000e-01 1.50
1.18299e+02 1.05000e-01 1.50
1.18023e+02 1.04553e-01 1.50
1.17683e+02 1.04000e-01 1.50
1.17069e+02 1.03000e-01 1.50
1.16466e+02 1.02000e-01 1.50
1.16047e+02 1.01328e-01 1.50
1.15849e+02 1.01000e-01 1.50
1.15259e+02 1.00000e-01 1.50
1.14670e+02 9.90000e-02 1.50
1.14081e+02 9.80000e-02 1.50
1.14070e+02 9.79832e-02 1.50
1.13447e+02 9.70000e-02 1.50
1.12786e+02 9.60000e-02 1.50
1.12139e+02 9.50000e-02 1.50
1.12093e+02 9.49273e-02 1.50
1.11503e+02 9.40000e-02 1.50
1.10877e+02 9.30000e-02 1.50
1.10222e+02 9.20000e-02 1.50
1.10116e+02 9.18389e-02 1.50
1.09572e+02 9.10000e-02 1.50
1.08929e+02 9.00000e-02 1.50
1.08287e+02 8.90000e-02 1.50
1.08140e+02 8.87904e-02 1.50
1.07582e+02 8.80000e-02 1.50
1.06876e+02 8.70000e-02 1.50
1.06168e+02 8.60000e-02 1.50
1.06163e+02 8.59929e-02 1.50
1.05470e+02 8.50000e-02 1.50
1.04763e+02 8.40000e-02 1.50
1.04186e+02 8.31680e-02 1.50
1.04072e+02 8.30000e-02 1.50
1.03388e+02 8.20000e-02 1.50
1.02649e+02 8.10000e-02 1.50
1.02209e+02 8.04176e-02 1.50
1.01901e+02 8.00000e-02 1.50
1.01173e+02 7.90000e-02 1.50
1.00443e+02 7.80000e-02 1.50
1.00233e+02 7.77258e-02 1.50
9.96794e+01 7.70000e-02 1.50
9.89180e+01 7.60000e-02 1.50
9.82558e+01 7.51257e-02 1.50
9.81615e+01 7.50000e-02 1.50
9.73817e+01 7.40000e-02 1.50
9.66233e+01 7.30000e-02 1.50
9.62791e+01 7.25380e-02 1.50
9.58745e+01 7.20000e-02 1.50
9.50609e+01 7.10000e-02 1.50
9.43023e+01 7.00662e-02 1.50
9.42475e+01 7.00000e-02 1.50
9.34349e+01 6.90000e-02 1.50
9.25934e+01 6.80000e-02 1.50
9.23256e+01 6.76859e-02 1.50
9.17310e+01 6.70000e-02 1.50
9.08633e+01 6.60000e-02 1.50
9.03488e+01 6.54216e-02 1.50
8.99718e+01 6.50000e-02 1.50
8.90671e+01 6.40000e-02 1.50
8.83721e+01 6.32440e-02 1.50
8.81585e+01 6.30000e-02 1.50
8.72652e+01 6.20000e-02 1.50
8.63953e+01 6.10589e-02 1.50
8.63446e+01 6.10000e-02 1.50
8.54870e+01 6.00000e-02 1.50
8.45834e+01 5.90000e-02 1.50
8.44186e+01 5.88257e-02 1.50
8.36534e+01 5.80000e-02 1.50
8.27448e+01 5.70000e-02 1.50
8.24419e+01 5.66829e-02 1.50
8.17743e+01 5.60000e-02 1.50
8.08046e+01 5.50000e-02 1.50
8.04651e+01 5.46573e-02 1.50
7.98110e+01 5.40000e-02 1.50
7.88186e+01 5.30000e-02 1.50
7.84884e+01 5.26875e-02 1.50
7.77737e+01 5.20000e-02 1.50
7.67387e+01 5.10000e-02 1.50
7.65116e+01 5.07851e-02 1.50
7.56897e+01 5.00000e-02 1.50
7.46274e+01 4.90000e-02 1.50
7.45349e+01 4.89183e-02 1.50
7.34776e+01 4.80000e-02 1.50
7.25581e+01 4.71771e-02 1.50
7.23651e+01 4.70000e-02 1.50
7.12420e+01 4.60000e-02 1.50
7.05814e+01 4.54450e-02 1.50
7.00672e+01 4.50000e-02 1.50
6.88979e+01 4.40000e-02 1.50
6.86047e+01 4.37601e-02 1.50
6.76713e+01 4.30000e-02 1.50
6.66279e+01 4.21321e-02 1.50
6.64778e+01 4.20000e-02 1.50
6.52855e+01 4.10000e-02 1.50
6.46512e+01 4.04549e-02 1.50
6.41229e+01 4.00000e-02 1.50
6.28361e+01 3.90000e-02 1.50
6.26744e+01 3.88642e-02 1.50
6.16080e+01 3.80000e-02 1.50
6.06977e+01 3.73186e-02 1.50
6.02938e+01 3.70000e-02 1.50
5.89882e+01 3.60000e-02 1.50
5.87209e+01 3.57979e-02 1.50
5.76747e+01 3.50000e-02 1.50
5.67442e+01 3.43227e-02 1.50
5.63133e+01 3.40000e-02 1.50
5.49553e+01 3.30000e-02 1.50
5.47674e+01 3.28673e-02 1.50
5.35873e+01 3.20000e-02 1.50
5.27907e+01 3.14331e-02 1.50
5.22169e+01 3.10000e-02 1.50
5.08140e+01 3.00039e-02 1.50
5.08087e+01 3.00000e-02 1.50
4.94318e+01 2.90000e-02 1.50
4.88372e+01 2.85876e-02 1.50
4.79735e+01 2.80000e-02 1.50
4.68605e+01 2.72552e-02 1.50
4.64754e+01 2.70000e-02 1.50
4.48891e+01 2.60000e-02 1.50
4.48837e+01 2.59968e-02 1.50
4.33716e+01 2.50000e-02 1.50
4.29070e+01 2.47068e-02 1.50
4.18598e+01 2.40000e-02 1.50
4.09302e+01 2.33847e-02 1.50
4.03383e+01 2.30000e-02 1.50
3.89535e+01 2.21403e-02 1.50
3.87286e+01 2.20000e-02 1.50
3.70298e+01 2.10000e-02 1.50
3.69767e+01 2.09704e-02 1.50
3.53534e+01 2.00000e-02 1.50
3.50000e+01 1.97979e-02 1.50
9.91681e+01 1.36462e-01 1.20
9.88621e+01 1.36000e-01 1.20
9.82558e+01 1.35086e-01 1.20
9.81989e+01 1.35000e-01 1.20
9.75357e+01 1.34000e-01 1.20
9.68726e+01 1.33000e-01 1.20
9.62791e+01 1.32105e-01 1.20
9.62094e+01 1.32000e-01 1.20
9.55463e+01 1.31000e-01 1.20
9.48831e+01 1.30000e-01 1.20
9.43023e+01 1.29124e-01 1.20
9.42199e+01 1.29000e-01 1.20
9.35568e+01 1.28000e-01 1.20
9.28936e+01 1.27000e-01 1.20
9.23256e+01 1.26143e-01 1.20
9.22305e+01 1.26000e-01 1.20
9.15673e+01 1.25000e-01 1.20
9.09041e+01 1.24000e-01 1.20
9.03488e+01 1.23163e-01 1.20
9.02410e+01 1.23000e-01 1.20
8.98302e+01 1.22000e-01 1.20
8.94251e+01 1.21000e-01 1.20
8.90200e+01 1.20000e-01 1.20
8.86149e+01 1.19000e-01 1.20
8.83721e+01 1.18401e-01 1.20
8.82099e+01 1.18000e-01 1.20
8.78273e+01 1.17000e-01 1.20
8.74760e+01 1.16000e-01 1.20
8.71347e+01 1.15000e-01 1.20
8.67935e+01 1.14000e-01 1.20
8.64523e+01 1.13000e-01 1.20
8.63953e+01 1.12833e-01 1.20
8.61110e+01 1.12000e-01 1.20
8.57757e+01 1.11000e-01 1.20
8.54570e+01 1.10000e-01 1.20
8.50917e+01 1.09000e-01 1.20
8.46798e+01 1.08000e-01 1.20
8.44186e+01 1.07365e-01 1.20
8.42672e+01 1.07000e-01 1.20
8.38261e+01 1.06000e-01 1.20
8.33911e+01 1.05000e-01 1.20
8.29850e+01 1.04000e-01 1.20
8.25847e+01 1.03000e-01 1.20
8.24419e+01 1.02643e-01 1.20
8.21845e+01 1.02000e-01 1.20
8.17842e+01 1.01000e-01 1.20
8.13763e+01 1.00000e-01 1.20
8.09534e+01 9.90000e-02 1.20
8.04959e+01 9.80000e-02 1.20
8.04651e+01 9.79334e-02 1.20
8.00470e+01 9.70000e-02 1.20
7.96032e+01 9.60000e-02 1.20
7.91637e+01 9.50000e-02 1.20
7.87280e+01 9.40000e-02 1.20
7.84884e+01 9.34840e-02 1.20
7.82616e+01 9.30000e-02 1.20
7.77932e+01 9.20000e-02 1.20
7.73132e+01 9.10000e-02 1.20
7.68277e+01 9.00000e-02 1.20
7.65116e+01 8.93479e-02 1.20
7.63438e+01 8.90000e-02 1.20
7.58663e+01 8.80000e-02 1.20
7.53737e+01 8.70000e-02 1.20
7.48737e+01 8.60000e-02 1.20
7.45349e+01 8.53495e-02 1.20
7.43551e+01 8.50000e-02 1.20
7.38273e+01 8.40000e-02 1.20
7.33118e+01 8.30000e-02 1.20
7.28093e+01 8.20000e-02 1.20
7.25581e+01 8.15051e-02 1.20
7.23032e+01 8.10000e-02 1.20
7.17318e+01 8.00000e-02 1.20
7.11544e+01 7.90000e-02 1.20
7.05814e+01 7.80191e-02 1.20
7.05703e+01 7.80000e-02 1.20
7.00005e+01 7.70000e-02 1.20
6.94375e+01 7.60000e-02 1.20
6.88775e+01 7.50000e-02 1.20
6.86047e+01 7.45481e-02 1.20
6.82825e+01 7.40000e-02 1.20
6.76622e+01 7.30000e-02 1.20
6.70728e+01 7.20000e-02 1.20
6.66279e+01 7.12460e-02 1.20
6.64847e+01 7.10000e-02 1.20
6.58477e+01 7.00000e-02 1.20
6.52122e+01 6.90000e-02 1.20
6.46512e+01 6.81098e-02 1.20
6.45814e+01 6.80000e-02 1.20
6.39485e+01 6.70000e-02 1.20
6.33113e+01 6.60000e-02 1.20
6.26744e+01 6.50655e-02 1.20
6.26306e+01 6.50000e-02 1.20
6.19565e+01 6.40000e-02 1.20
6.12933e+01 6.30000e-02 1.20
6.06977e+01 6.21695e-02 1.20
6.05797e+01 6.20000e-02 1.20
5.99028e+01 6.10000e-02 1.20
5.91849e+01 6.00000e-02 1.20
5.87209e+01 5.93550e-02 1.20
5.84733e+01 5.90000e-02 1.20
5.77647e+01 5.80000e-02 1.20
5.70227e+01 5.70000e-02 1.20
5.67442e+01 5.66212e-02 1.20
5.62916e+01 5.60000e-02 1.20
5.55408e+01 5.50000e-02 1.20
5.47929e+01 5.40000e-02 1.20
5.47674e+01 5.39683e-02 1.20
5.40115e+01 5.30000e-02 1.20
5.32502e+01 5.20000e-02 1.20
5.27907e+01 5.14340e-02 1.20
5.24500e+01 5.10000e-02 1.20
5.16793e+01 5.00000e-02 1.20
5.08369e+01 4.90000e-02 1.20
5.08140e+01 4.89714e-02 1.20
5.00526e+01 4.80000e-02 1.20
4.92230e+01 4.70000e-02 1.20
4.88372e+01 4.65485e-02 1.20
4.83686e+01 4.60000e-02 1.20
4.75164e+01 4.50000e-02 1.20
4.68605e+01 4.42791e-02 1.20
4.66166e+01 4.40000e-02 1.20
4.57711e+01 4.30000e-02 1.20
4.48898e+01 4.20000e-02 1.20
4.48837e+01 4.19932e-02 1.20
4.40014e+01 4.10000e-02 1.20
4.31165e+01 4.00000e-02 1.20
4.29070e+01 3.97841e-02 1.20
4.22155e+01 3.90000e-02 1.20
4.13414e+01 3.80000e-02 1.20
4.09302e+01 3.75616e-02 1.20
4.04051e+01 3.70000e-02 1.20
3.94569e+01 3.60000e-02 1.20
3.89535e+01 3.54896e-02 1.20
3.84815e+01 3.50000e-02 1.20
3.74879e+01 3.40000e-02 1.20
3.69767e+01 3.35022e-02 1.20
3.64841e+01 3.30000e-02 1.20
3.54971e+01 3.20000e-02 1.20
3.50000e+01 3.15278e-02 1.20
5.44694e+01 1.20849e-01 0.90
5.43231e+01 1.20000e-01 0.90
5.41508e+01 1.19000e-01 0.90
5.39785e+01 1.18000e-01 0.90
5.38063e+01 1.17000e-01 0.90
5.36340e+01 1.16000e-01 0.90
5.34120e+01 1.15000e-01 0.90
5.31096e+01 1.14000e-01 0.90
5.28360e+01 1.13000e-01 0.90
5.27907e+01 1.12780e-01 0.90
5.26305e+01 1.12000e-01 0.90
5.24314e+01 1.11000e-01 0.90
5.22326e+01 1.10000e-01 0.90
5.20343e+01 1.09000e-01 0.90
5.18359e+01 1.08000e-01 0.90
5.16174e+01 1.07000e-01 0.90
5.13857e+01 1.06000e-01 0.90
5.11541e+01 1.05000e-01 0.90
5.09205e+01 1.04000e-01 0.90
5.08140e+01 1.03574e-01 0.90
5.06695e+01 1.03000e-01 0.90
5.03998e+01 1.02000e-01 0.90
5.01228e+01 1.01000e-01 0.90
4.98379e+01 1.00000e-01 0.90
4.95530e+01 9.90000e-02 0.90
4.92653e+01 9.80000e-02 0.90
4.89697e+01 9.70000e-02 0.90
4.88372e+01 9.65759e-02 0.90
4.86575e+01 9.60000e-02 0.90
4.83622e+01 9.50000e-02 0.90
4.80692e+01 9.40000e-02 0.90
4.77761e+01 9.30000e-02 0.90
4.74813e+01 9.20000e-02 0.90
4.71764e+01 9.10000e-02 0.90
4.68605e+01 9.00978e-02 0.90
4.68274e+01 9.00000e-02 0.90
4.65408e+01 8.90000e-02 0.90
4.62762e+01 8.80000e-02 0.90
4.58885e+01 8.70000e-02 0.90
4.55045e+01 8.60000e-02 0.90
4.51391e+01 8.50000e-02 0.90
4.48837e+01 8.41681e-02 0.90
4.48363e+01 8.40000e-02 0.90
4.45418e+01 8.30000e-02 0.90
4.41803e+01 8.20000e-02 0.90
4.38050e+01 8.10000e-02 0.90
4.34367e+01 8.00000e-02 0.90
4.30863e+01 7.90000e-02 0.90
4.29070e+01 7.85268e-02 0.90
4.27114e+01 7.80000e-02 0.90
4.23168e+01 7.70000e-02 0.90
4.19189e+01 7.60000e-02 0.90
4.15375e+01 7.50000e-02 0.90
4.11817e+01 7.40000e-02 0.90
4.09302e+01 7.33505e-02 0.90
4.07981e+01 7.30000e-02 0.90
4.04207e+01 7.20000e-02 0.90
4.00262e+01 7.10000e-02 0.90
3.96158e+01 7.00000e-02 0.90
3.92038e+01 6.90000e-02 0.90
3.89535e+01 6.83952e-02 0.90
3.87896e+01 6.80000e-02 0.90
3.83288e+01 6.70000e-02 0.90
3.78676e+01 6.60000e-02 0.90
3.74335e+01 6.50000e-02 0.90
3.69921e+01 6.40000e-02 0.90
3.69767e+01 6.39661e-02 0.90
